415521.6952 3696795.8664
415464.6087 3696746.9158
415397.1421 3696713.6998
415323.5347 3696698.3057
415248.4115 3696701.7006
415176.4926 3696723.6712
415112.2971 3696762.8371
415059.8586 3696816.7373
415022.4719 3696881.9851
415002.4863 3696954.4807
415001.1575 3697029.6689
415018.5690 3697102.8253
415189.5411 3697378.7152
415904.3927 3698167.4322
416162.1959 3698364.6230
416233.2935 3698389.1212
416308.2499 3698395.1685
416382.3553 3698382.3849
416450.9534 3698351.5737
416509.7339 3698304.6708
416555.0035 3698244.6233
416583.9176 3698175.2042
416594.6595 3698100.7755
416586.5543 3698026.0136
416560.1111 3697955.6162
416516.9917 3697894.0066
