138.41  320.54  100.37  608.07  246.68  379.82  37.95   13.35   315.63  288.18
133.95  63.74   89.25   5.20    41.46   6.56    99.65   80.99   4.69    98.88
107.99  66.27   157.48  280.14  400.02  227.81  104.627 227.90  142.63  443.09
142.26  67.82   123.53  177.10  6.64    123.01  67.43   67.7    107.9   7.87
796.47  340.10  448.84  334.84  361.08  100.79  303.35  370.15  398.4   363.96
75.32   95.25  39.90   6.34    82.86   82.48   69.88   15.52   4.98    2.98
371.70  696.25  275.90  196.91  298.66  503.57  697.62  305.65  611.78  453.88
1.04    2.5     10.42   55.69   60.15   35.7    41.47   20.66   2.61    6.77
323.35  482.11  692.43  408.35  395.43  469.29  190.34  181.56  607.75  749.95
17.83   2.65    10.15   1.47    7.77    47.07   88.04   70.31   8.86    7.03
470.35  321.15  246.95  300.22  694.55  318.47  263.26  776.21  287.02  677.29
22.74   71.75   1.88    8.42    2.08    75.89   80.65   2.43    8.20    8.30
297.77  406.99  318.94  350.95  577.61  395.97  373.07  285.38  336.75  313.93 
79.76   53.96   24.19   9.80    27.51   29.84   100.31  19.56   39.68   16.36 
356.71  410.73  327.48  390.09  543.55  138.81  345.30  43.96   421.10  471.78
37.69   3.11    64.54   40.37   8.36    115.04  26.96   154.2   28.68   17.5
390.31  648.37  376.47  698.21  689.87  318.51  355.02  495.13  678.04  527.43
9.91    2.99    76.63   5.52    15.39   86.05   34.43   13.48   2.53    12.01
630.77  515.67  458.78  385.41  372.91  377.68  561.42  107.33  93.93   363.25
3.13    10.7    1.44    13.14   9.04    10.13   21.24   158.60  119.21  1.94
288.95  443.28  779.20  477.65  460.70  447.40  453.25  365.08  482.82  133.13
110.08  72.69   4.31    4.58    4.12    2.03    2.47    12.52   12.74   51.18 
404.73  260.59  756.13  598.96  511.90  668.51  980.74  994.35  389.1   524.89 
54.45   116.07  9.92    4.60    5.91    7.78    4.53    91.64   86.35   0.23 
