1411347721.61551 415446.96797 3698394.5611818 33.4215800 -111.9094600 669.3100000 24.5967500 73.6949775 -8.2460086 1.2552512 -0.6178189 -10.6009886 2830.8251998 
1411347722.61551 415471.40027 3698406.6390417 33.4216909 -111.9091984 667.7642776 30.0000000 53.6949755 1.7539911 0.8015469 10.9200284 4.4460005 2854.9905481 
1411347723.61551 415492.08943 3698428.2928134 33.4218878 -111.9089779 669.5172055 30.0000000 33.6949761 4.9455163 -7.5837793 7.1129668 1.6680079 2875.3398978 
1411347724.61551 415504.14545 3698455.7637357 33.4221365 -111.9088508 669.4886780 30.0000000 13.6949775 -5.0544834 -9.5062143 4.1665945 -5.2293420 2887.2043379 
1411347725.61551 415506.05132 3698485.2759598 33.4224028 -111.9088331 664.4492057 30.0000000 -6.3050253 -14.2865820 -10.2677231 -0.1373958 -4.7600722 2889.1964488 
1411347726.61551 415497.86203 3698513.2720173 33.4226546 -111.9089238 657.4380456 30.0000000 -26.3050205 -12.7440564 -9.7742326 -2.6654442 0.7852746 2881.3688662 
1411347727.61551 415480.37867 3698537.0683657 33.4228679 -111.9091141 652.1403385 30.0000000 -46.3050182 -7.5983703 -8.5333830 -5.6883172 2.6510418 2864.4124771 
1411347728.61551 415455.55273 3698553.6220701 33.4230152 -111.9093826 649.0342977 30.0000000 -66.3050108 -4.2871304 -5.8936991 -8.5203005 1.7242037 2840.0804987 
1411347729.61551 415426.47714 3698560.7072402 33.4230768 -111.9096960 646.9342079 30.0000000 -86.3050068 -3.7411879 -2.4797720 -10.0930645 0.2851525 2811.2598307 
1411347730.61551 415396.73359 3698557.4208906 33.4230448 -111.9100156 644.8078009 30.0000000 -106.3050028 -4.3879052 1.1648128 -10.3270633 -0.3377669 2781.4202039 
1411347731.61551 415369.92572 3698544.1687008 33.4229232 -111.9103027 642.4166374 30.0000000 -126.3049919 -4.7553651 4.6159509 -9.3035327 -0.1917891 2754.2013995 
1411347732.61551 415345.61057 3698526.7633092 33.4227643 -111.9105625 640.0030505 30.0000000 -124.8870447 -4.4738324 -0.4403723 0.5948224 0.1469322 2729.4291828 
1411347733.61551 415320.62906 3698510.2968786 33.4226138 -111.9108297 637.8165056 30.0000000 -121.8942743 -3.8855661 -0.8787271 1.2923542 0.3071949 2704.1110130 
1411347734.61551 415294.41028 3698495.8410522 33.4224814 -111.9111103 635.9178914 30.0000000 -115.8463604 -3.3714561 -1.5400736 2.7580232 0.2686469 2677.6751517 
1411347735.61551 415266.90085 3698483.9917101 33.4223723 -111.9114050 634.2373976 30.0000000 -110.7603352 -3.0509189 -1.0601161 2.4374244 0.1675691 2650.0434484 
1411347736.61551 415238.52680 3698474.3724922 33.4222833 -111.9117093 632.6933627 30.0000000 -106.6944875 -2.8494668 -0.6875992 2.0113307 0.1053403 2621.6076193 
1411347737.61551 415209.59139 3698466.5841336 33.4222108 -111.9120198 631.2498606 30.0000000 -103.4353125 -2.6664352 -0.4474203 1.6445273 0.0957241 2592.6472964 
1411347738.61551 415180.28965 3698460.2907461 33.4221517 -111.9123343 629.9076382 30.0000000 -100.8082031 -2.4621884 -0.2932151 1.3424173 0.1068362 2563.3422653 
1411347739.61551 415150.74756 3698455.2168636 33.4221036 -111.9126515 628.6745352 30.0000000 -98.6828395 -2.2492453 -0.1927197 1.0950186 0.1114025 2533.8088379 
1411347740.61551 415121.04770 3698451.1372101 33.4220645 -111.9129706 627.5456831 30.0000000 -96.9598560 -2.0636706 -0.1262993 0.8925942 0.0970979 2504.1235802 
1411347741.61551 415091.24431 3698447.8675987 33.4220326 -111.9132908 626.5123130 30.0000000 -95.5614431 -1.8842934 -0.0830147 0.7270368 0.0938659 2474.3370987 
1411347742.61551 415061.37298 3698445.2576006 33.4220067 -111.9136118 625.5679676 30.0000000 -94.4255826 -1.7234362 -0.0543821 0.5919432 0.0841828 2444.4828360 
1411347743.61551 415031.45721 3698443.1845203 33.4219857 -111.9139334 624.7027748 30.0000000 -93.5026055 -1.5818150 -0.0355282 0.4817595 0.0741218 2414.5831053 
1411347744.61551 415001.51240 3698441.5483391 33.4219685 -111.9142553 623.9080294 30.0000000 -92.7524321 -1.4542439 -0.0231892 0.3919676 0.0667727 2384.6527533 
1411347745.61551 414971.54866 3698440.2675765 33.4219546 -111.9145774 623.1774333 30.0000000 -92.1426602 -1.3367039 -0.0151282 0.3188315 0.0615255 2354.7016493 
1411347746.61551 414941.57257 3698439.2758815 33.4219433 -111.9148997 622.5062490 30.0000000 -91.6469797 -1.2272453 -0.0098611 0.2592947 0.0572980 2324.7363753 
1411347747.61551 414911.58844 3698438.5192521 33.4219341 -111.9152221 621.8902096 30.0000000 -91.2440532 -1.1260171 -0.0064091 0.2108394 0.0529918 2294.7613499 
1411347748.61551 414881.59910 3698437.9537475 33.4219266 -111.9155446 621.3249566 30.0000000 -90.9165319 -1.0332181 -0.0041481 0.1714184 0.0485808 2264.7795609 
1411347749.61551 414851.60638 3698437.5436296 33.4219205 -111.9158671 620.8062146 30.0000000 -90.6502912 -0.9483293 -0.0026743 0.1393660 0.0444410 2234.7930388 
1411347750.61551 414821.61151 3698437.2598346 33.4219156 -111.9161897 620.3300220 30.0000000 -90.4338834 -0.8706688 -0.0017174 0.1132924 0.0406578 2204.8031691 
1411347751.61551 414791.61524 3698437.0787236 33.4219116 -111.9165123 619.8928270 30.0000000 -90.2579924 -0.7993522 -0.0011002 0.0920887 0.0373373 2174.8109024 
1411347752.61551 414761.61808 3698436.9810786 33.4219083 -111.9168349 619.4914654 30.0000000 -90.1150229 -0.7337819 -0.0007030 0.0748572 0.0343295 2144.8168960 
1411347753.61551 414731.62036 3698436.9512762 33.4219057 -111.9171575 619.1230329 30.0000000 -89.9988141 -0.6735619 -0.0004477 0.0608437 0.0315287 2114.8216097 
1411347754.61551 414701.62228 3698436.9766309 33.4219035 -111.9174801 618.7848215 30.0000000 -89.9043252 -0.6183378 -0.0002842 0.0494713 0.0289134 2084.8253692 
1411347755.61551 414671.62397 3698437.0468227 33.4219017 -111.9178028 618.4743365 30.0000000 -89.8275402 -0.5676488 -0.0001806 0.0402029 0.0265393 2054.8284078 
1411347756.61551 414641.62551 3698437.1534628 33.4219003 -111.9181254 618.1893226 30.0000000 -89.7650986 -0.5210402 -0.0001156 0.0326935 0.0244031 2024.8308945 
1411347757.61551 414611.62696 3698437.2897353 33.4218992 -111.9184481 617.9277218 30.0000000 -89.7143503 -0.4782138 -0.0000748 0.0265714 0.0224230 1994.8329534 
1411347758.61551 414581.62835 3698437.4501009 33.4218982 -111.9187707 617.6875993 30.0000000 -89.6730687 -0.4389967 -0.0000488 0.0216149 0.0205334 1964.8346778 
1411347759.61551 414551.62970 3698437.6300645 33.4218974 -111.9190934 617.4671488 30.0000000 -89.6394915 -0.4030694 -0.0000328 0.0175810 0.0188110 1934.8361384 
1411347760.61551 414521.63102 3698437.8259677 33.4218968 -111.9194160 617.2647645 30.0000000 -89.6121844 -0.3699876 -0.0000235 0.0142981 0.0173212 1904.8373889 
1411347761.61551 414491.63232 3698438.0348351 33.4218963 -111.9197387 617.0789801 30.0000000 -89.5899726 -0.3396614 -0.0000174 0.0116302 0.0158785 1874.8384714 
1411347762.61551 414461.63361 3698438.2542562 33.4218959 -111.9200613 616.9084444 30.0000000 -89.5718726 -0.3117404 -0.0000138 0.0094773 0.0146191 1844.8394188 
1411347763.61551 414431.63489 3698438.4822713 33.4218956 -111.9203840 616.7519139 30.0000000 -89.5571467 -0.2861648 -0.0000113 0.0077107 0.0133912 1814.8402576 
1411347764.61551 414401.63615 3698438.7172854 33.4218953 -111.9207066 616.6082254 30.0000000 -89.5451392 -0.2626869 -0.0000096 0.0062873 0.0122929 1784.8410090 
1411347765.61551 414371.63741 3698438.9580039 33.4218951 -111.9210293 616.4763210 30.0000000 -89.5353584 -0.2411525 -0.0000085 0.0051214 0.0112753 1754.8416902 
1411347766.61551 414341.63865 3698439.2033753 33.4218949 -111.9213519 616.3552252 30.0000000 -89.5273671 -0.2214004 -0.0000075 0.0041844 0.0103421 1724.8423154 
1411347767.61551 414311.63990 3698439.4525448 33.4218947 -111.9216746 616.2440528 30.0000000 -89.5208511 -0.2032481 -0.0000069 0.0034119 0.0095045 1694.8428963 
1411347768.61551 414281.64113 3698439.7048151 33.4218946 -111.9219973 616.1419853 30.0000000 -89.5155235 -0.1866218 -0.0000062 0.0027896 0.0087055 1664.8434426 
1411347769.61551 414251.64236 3698439.9596247 33.4218945 -111.9223199 616.0483058 30.0000000 -89.5111522 -0.1712079 -0.0000058 0.0022889 0.0080706 1634.8439624 
1411347770.61551 414221.64358 3698440.2165158 33.4218944 -111.9226426 615.9623522 30.0000000 -89.5075732 -0.1571114 -0.0000051 0.0018741 0.0073809 1604.8444623 
1411347771.61551 414191.64480 3698440.4751129 33.4218944 -111.9229652 615.8834461 30.0000000 -89.5046362 -0.1442881 -0.0000044 0.0015379 0.0067143 1574.8449485 
1411347772.61551 414161.64601 3698440.7351120 33.4218943 -111.9232879 615.8109890 30.0000000 -89.5022183 -0.1324777 -0.0000040 0.0012661 0.0061839 1544.8454260 
1411347773.61551 414131.64722 3698440.9962699 33.4218943 -111.9236106 615.7444624 30.0000000 -89.5002102 -0.1216356 -0.0000034 0.0010515 0.0056769 1514.8458992 
1411347774.61551 414101.64843 3698441.2583898 33.4218942 -111.9239332 615.6833868 30.0000000 -89.4985437 -0.1116562 -0.0000030 0.0008727 0.0052252 1484.8463719 
1411347775.61551 414071.64964 3698441.5213073 33.4218942 -111.9242559 615.6273127 30.0000000 -89.4971640 -0.1025314 -0.0000026 0.0007225 0.0047778 1454.8468474 
1411347776.61551 414041.65084 3698441.7848901 33.4218942 -111.9245785 615.5758337 30.0000000 -89.4960028 -0.0941038 -0.0000022 0.0006080 0.0044126 1424.8473288 
1411347777.61551 414011.65204 3698442.0490307 33.4218941 -111.9249012 615.5286108 30.0000000 -89.4950330 -0.0862743 -0.0000020 0.0005079 0.0040995 1394.8478190 
1411347778.61551 413981.65324 3698442.3136399 33.4218941 -111.9252239 615.4852626 30.0000000 -89.4942133 -0.0793040 -0.0000015 0.0004292 0.0036497 1364.8483205 
1411347779.61551 413951.65443 3698442.5786497 33.4218941 -111.9255465 615.4454414 30.0000000 -89.4935030 -0.0728017 -0.0000012 0.0003720 0.0034046 1334.8488360 
1411347780.61551 413921.65563 3698442.8440028 33.4218941 -111.9258692 615.4088984 30.0000000 -89.4929019 -0.0667824 -0.0000011 0.0003147 0.0031517 1304.8493678 
1411347781.61551 413891.65682 3698443.1096492 33.4218941 -111.9261918 615.3753704 30.0000000 -89.4923828 -0.0612850 -0.0000008 0.0002718 0.0028784 1274.8499183 
1411347782.61551 413861.65802 3698443.3755531 33.4218941 -111.9265145 615.3445861 30.0000000 -89.4919184 -0.0563025 -0.0000005 0.0002432 0.0026089 1244.8504898 
1411347783.61551 413831.65921 3698443.6416859 33.4218940 -111.9268371 615.3163062 30.0000000 -89.4915086 -0.0517186 -0.0000004 0.0002146 0.0024001 1214.8510850 
1411347784.61551 413801.66041 3698443.9080190 33.4218940 -111.9271598 615.2903614 30.0000000 -89.4911534 -0.0473834 -0.0000003 0.0001860 0.0022699 1184.8517061 
1411347785.61551 413771.66160 3698444.1745309 33.4218940 -111.9274825 615.2665692 30.0000000 -89.4908256 -0.0434961 -0.0000001 0.0001717 0.0020354 1154.8523560 
1411347786.61551 413741.66279 3698444.4412073 33.4218940 -111.9278051 615.2447239 30.0000000 -89.4905250 -0.0399468 0.0000000 0.0001574 0.0018584 1124.8530375 
1411347787.61551 413711.66399 3698444.7080376 33.4218940 -111.9281278 615.2246427 30.0000000 -89.4902382 -0.0367577 0.0000002 0.0001502 0.0016698 1094.8537535 
1411347788.61551 413681.66518 3698444.9750108 33.4218940 -111.9284504 615.2061823 30.0000000 -89.4899786 -0.0337558 0.0000002 0.0001359 0.0015718 1064.8545075 
1411347789.61551 413651.66637 3698445.2421128 33.4218940 -111.9287731 615.1892509 30.0000000 -89.4897464 -0.0309174 0.0000002 0.0001216 0.0014861 1034.8553030 
1411347790.61551 413621.66757 3698445.5093364 33.4218940 -111.9290958 615.1737315 30.0000000 -89.4895142 -0.0283624 0.0000004 0.0001216 0.0013378 1004.8561440 
1411347791.61551 413591.66876 3698445.7766816 33.4218940 -111.9294184 615.1594969 30.0000000 -89.4892819 -0.0260095 0.0000005 0.0001216 0.0012320 974.8570350 
1411347792.61551 413561.66996 3698446.0441413 33.4218940 -111.9297411 615.1464325 30.0000000 -89.4890770 -0.0238929 0.0000005 0.0001073 0.0011083 944.8579808 
1411347793.61551 413531.67115 3698446.3117082 33.4218940 -111.9300637 615.1344222 30.0000000 -89.4888721 -0.0219829 0.0000006 0.0001073 0.0010001 914.8589872 
1411347794.61551 413501.67235 3698446.5793824 33.4218940 -111.9303864 615.1233970 30.0000000 -89.4886672 -0.0201305 0.0000006 0.0001073 0.0009699 884.8600604 
1411347795.61551 413471.67355 3698446.8471603 33.4218940 -111.9307091 615.1132802 30.0000000 -89.4884760 -0.0185126 0.0000006 0.0001001 0.0008471 854.8612074 
1411347796.61551 413441.67474 3698447.1150420 33.4218940 -111.9310317 615.1039809 30.0000000 -89.4882711 -0.0170082 0.0000007 0.0001073 0.0007877 824.8624366 
1411347797.61551 413411.67594 3698447.3830273 33.4218940 -111.9313544 615.0954291 30.0000000 -89.4880798 -0.0156573 0.0000007 0.0001001 0.0007073 794.8637573 
1411347798.61551 413381.67714 3698447.6511092 33.4218939 -111.9316770 615.0875775 30.0000000 -89.4879022 -0.0143337 0.0000006 0.0000930 0.0006931 764.8651802 
1411347799.61551 413351.67834 3698447.9192877 33.4218939 -111.9319997 615.0803954 30.0000000 -89.4877110 -0.0130996 0.0000007 0.0001001 0.0006462 734.8667182 
1411347800.61551 413321.67954 3698448.1875627 33.4218939 -111.9323224 615.0738316 30.0000000 -89.4875334 -0.0119723 0.0000007 0.0000930 0.0005903 704.8683857 
1411347801.61551 413291.68074 3698448.4559343 33.4218939 -111.9326450 615.0677943 30.0000000 -89.4873422 -0.0110886 0.0000008 0.0001001 0.0004627 674.8702003 
1411347802.61551 413261.68194 3698448.7244024 33.4218939 -111.9329677 615.0622144 30.0000000 -89.4871646 -0.0102250 0.0000007 0.0000930 0.0004522 644.8721824 
1411347803.61551 413231.68315 3698448.9929635 33.4218939 -111.9332903 615.0571040 30.0000000 -89.4869870 -0.0092955 0.0000007 0.0000930 0.0004867 614.8743566 
1411347804.61551 413201.68435 3698449.2616212 33.4218939 -111.9336130 615.0524271 30.0000000 -89.4867958 -0.0085690 0.0000008 0.0001001 0.0003804 584.8767525 
1411347805.61551 413171.68555 3698449.5303754 33.4218939 -111.9339357 615.0481240 30.0000000 -89.4866182 -0.0078675 0.0000008 0.0000930 0.0003673 554.8794061 
1411347806.61551 413141.68676 3698449.7992226 33.4218939 -111.9342583 615.0441862 30.0000000 -89.4864406 -0.0071739 0.0000008 0.0000930 0.0003632 524.8823615 
1411347807.61551 413111.68796 3698450.0681628 33.4218939 -111.9345810 615.0405780 30.0000000 -89.4862630 -0.0066084 0.0000008 0.0000930 0.0002961 494.8856738 
1411347808.61551 413081.68917 3698450.3371959 33.4218939 -111.9349036 615.0372461 30.0000000 -89.4860854 -0.0061189 0.0000008 0.0000930 0.0002563 464.8894119 
1411347809.61551 413051.69038 3698450.6063221 33.4218939 -111.9352263 615.0341775 30.0000000 -89.4859078 -0.0056023 0.0000008 0.0000930 0.0002705 434.8936641 
1411347810.61551 413021.69159 3698450.8755448 33.4218939 -111.9355490 615.0313744 30.0000000 -89.4857166 -0.0051047 0.0000009 0.0001001 0.0002605 404.8985445 
1411347811.61551 412991.69279 3698451.1448640 33.4218939 -111.9358716 615.0288075 30.0000000 -89.4855390 -0.0046999 0.0000008 0.0000930 0.0002120 374.9042039 
1411347812.61551 412961.69400 3698451.4142763 33.4218939 -111.9361943 615.0264523 30.0000000 -89.4853614 -0.0042965 0.0000008 0.0000930 0.0002112 344.9108456 
1411347813.61551 412931.69522 3698451.6837779 33.4218939 -111.9365169 615.0242901 30.0000000 -89.4851975 -0.0039627 0.0000008 0.0000858 0.0001748 314.9187504 
1411347814.61551 412901.69643 3698451.9533725 33.4218939 -111.9368396 615.0222888 30.0000000 -89.4850062 -0.0036817 0.0000009 0.0001001 0.0001471 284.9283171 
1411347815.61551 412871.69764 3698452.2230637 33.4218939 -111.9371622 615.0204568 30.0000000 -89.4848287 -0.0033158 0.0000008 0.0000930 0.0001916 254.9401321 
1411347816.61551 412841.69885 3698452.4928478 33.4218939 -111.9374849 615.0187982 30.0000000 -89.4846511 -0.0030195 0.0000008 0.0000930 0.0001551 224.9550946 
1411347817.61551 412811.70007 3698452.7627250 33.4218939 -111.9378076 615.0172706 30.0000000 -89.4844735 -0.0028156 0.0000008 0.0000930 0.0001068 194.9746568 
1411347818.61551 412781.70128 3698453.0326951 33.4218938 -111.9381302 615.0158405 30.0000000 -89.4842959 -0.0026467 0.0000008 0.0000930 0.0000884 165.0013261 
1411347819.61551 412751.70250 3698453.3027546 33.4218938 -111.9384529 615.0145017 30.0000000 -89.4841320 -0.0024671 0.0000008 0.0000858 0.0000940 135.0398350 
1411347820.61551 412721.70371 3698453.5729071 33.4218938 -111.9387755 615.0132778 30.0000000 -89.4839407 -0.0022080 0.0000009 0.0001001 0.0001357 105.1003097 
1411347821.61551 412691.70493 3698453.8431561 33.4218938 -111.9390982 615.0121878 30.0000000 -89.4837631 -0.0019553 0.0000008 0.0000930 0.0001323 75.2089866 
1411347822.61551 412661.70615 3698454.1134982 33.4218938 -111.9394209 615.0112091 30.0000000 -89.4835856 -0.0017833 0.0000008 0.0000930 0.0000901 45.4610474 
1411347823.61551 412631.70737 3698454.3839332 33.4218938 -111.9397435 615.0103113 30.0000000 -89.4834080 -0.0016462 0.0000008 0.0000930 0.0000718 16.6439356 
