10942331 368663 3.755e+06 4914.9 136.406 184.171 9.42848 228.0000 640.0800 152.4000
10942331 368522.9216 3755142.4009 4922.5200 136.4062 184.1711 9.1034 230.0000 640.0800 152.4000
10942331 368408.7837 3755253.5644 4930.1400 136.4062 184.6856 9.1034 231.0000 640.0800 152.4000
10942331 368184.0362 3755475.4239 4945.3800 136.4062 184.6856 9.1034 232.0000 640.0800 152.4000
10942331 368184.0362 3755475.4239 4945.3800 136.4062 184.6856 9.1034 233.0000 640.0800 152.4000
10942331 367565.4839 3756083.9880 4983.4800 136.4062 185.2000 8.7782 237.0000 640.0800 152.4000
10942331 367420.7736 3756226.4776 4991.1000 136.4062 185.2000 8.7782 238.0000 640.0800 152.4000
10942331 367293.4594 3756351.8022 4998.7200 136.4062 185.7144 8.1280 239.0000 640.0800 152.4000
10942331 367293.4594 3756351.8022 4998.7200 137.8125 186.2289 6.5024 242.0000 640.0800 152.4000
10942331 365578.7233 3757929.9991 5090.1600 137.8125 186.2289 6.5024 251.0000 640.0800 152.4000
10942331 365578.7233 3757929.9991 5090.1600 142.0312 187.7722 8.1280 259.0000 640.0800 152.4000
10942331 364239.9795 3759039.4180 5166.3600 142.0312 187.7722 8.1280 260.0000 640.0800 152.4000
10942331 364163.3205 3759102.2899 5166.3600 142.0312 187.7722 8.1280 262.0000 640.0800 152.4000
10942331 364163.3205 3759102.2899 5166.3600 142.0312 187.2578 10.4038 264.0000 640.0800 152.4000
10942331 364163.3205 3759102.2899 5166.3600 142.0312 187.2578 11.0541 265.0000 640.0800 152.4000
10942331 363424.6167 3759705.2579 5219.7000 142.0312 187.2578 11.0541 266.0000 640.0800 152.4000
10942331 363424.6167 3759705.2579 5219.7000 142.0312 187.2578 12.0294 267.0000 640.0800 152.4000
10942331 363216.2212 3759872.4302 5234.9400 142.0312 187.2578 12.0294 268.0000 640.0800 152.4000
10942331 363216.2212 3759872.4302 5234.9400 142.0312 186.7433 12.0294 269.0000 640.0800 152.4000
10942331 363216.2212 3759872.4302 5234.9400 142.0312 186.2289 11.7043 270.0000 640.0800 152.4000
10942331 363216.2212 3759872.4302 5234.9400 142.0312 186.2289 11.3792 271.0000 640.0800 152.4000
10942331 362508.9499 3760447.0967 5288.2800 142.0312 186.2289 11.0541 272.0000 640.0800 152.4000
10942331 362364.0014 3760563.4417 5303.5200 142.0312 186.2289 11.0541 274.0000 640.0800 152.4000
10942331 362226.7049 3760672.4848 5311.1400 142.0312 186.2289 10.7290 275.0000 640.0800 152.4000
10942331 361978.0270 3760878.3526 5326.3800 142.0312 186.2289 10.7290 276.0000 640.0800 152.4000
10942331 361826.7483 3760994.7987 5334.0000 142.0312 186.7433 10.0787 277.0000 640.0800 152.4000
10942331 361683.9617 3761113.2389 5341.6200 142.0312 186.7433 9.7536 278.0000 640.0800 152.4000
10942331 361546.7552 3761227.3687 5349.2400 142.0312 186.7433 9.7536 279.0000 640.0800 152.4000
10942331 361408.1363 3761341.0982 5356.8600 142.0312 186.7433 9.1034 280.0000 640.0800 152.4000
10942331 361116.1826 3761573.8572 5372.1000 142.0312 186.7433 9.1034 282.0000 640.0800 152.4000
10942331 360843.7711 3761792.3758 5387.3400 142.0312 186.7433 9.1034 284.0000 640.0800 152.4000
10942331 360394.5714 3762162.8681 5417.8200 142.0312 186.7433 9.1034 287.0000 640.0800 152.4000
10942331 359203.6507 3763132.5222 5471.1600 142.0312 186.7433 9.1034 295.0000 640.0800 152.4000
10942331 359043.4263 3763258.8813 5478.7800 142.0312 186.7433 9.1034 296.0000 640.0800 152.4000
10942331 358462.0198 3763733.8384 5494.0200 142.0312 186.7433 9.1034 300.0000 640.0800 152.4000
10942331 358462.0198 3763733.8384 5494.0200 142.0312 189.3156 5.5270 301.0000 640.0800 152.4000
10942331 358170.2498 3763969.2319 5509.2600 142.0312 189.3156 5.5270 302.0000 640.0800 152.4000
10942331 358170.2498 3763969.2319 5509.2600 142.0312 189.8300 5.8522 303.0000 640.0800 152.4000
10942331 358170.2498 3763969.2319 5509.2600 142.0312 190.3444 6.1773 305.0000 640.0800 152.4000
10942331 357433.6431 3764568.0215 5539.7400 142.0312 190.3444 6.1773 307.0000 640.0800 152.4000
10942331 357433.6431 3764568.0215 5539.7400 142.0312 190.3444 6.8275 308.0000 640.0800 152.4000
10942331 357146.1834 3764805.4999 5547.3600 142.0312 190.3444 6.8275 309.0000 640.0800 152.4000
10942331 356993.0213 3764929.2513 5554.9800 142.0312 191.3733 7.1526 311.0000 640.0800 152.4000
10942331 356525.1756 3765305.3027 5577.8400 142.0312 191.3733 7.1526 314.0000 640.0800 152.4000
10942331 356378.3316 3765426.4303 5585.4600 142.0312 191.3733 7.1526 315.0000 640.0800 152.4000
10942331 356257.2356 3765526.0125 5585.4600 142.0312 191.8878 6.8275 316.0000 640.0800 152.4000
10942331 355994.7956 3765736.9149 5600.7000 142.0312 191.8878 6.8275 317.0000 640.0800 152.4000
10942331 355994.7956 3765736.9149 5600.7000 142.0312 191.8878 7.1526 318.0000 640.0800 152.4000
10942331 355994.7956 3765736.9149 5600.7000 142.0312 191.8878 7.1526 319.0000 640.0800 152.4000
10942331 355484.0070 3766156.4124 5623.5600 142.0312 192.4022 7.1526 320.0000 640.0800 152.4000
10942331 355339.2703 3766275.4096 5631.1800 142.0312 192.4022 7.1526 321.0000 640.0800 152.4000
10942331 355182.6334 3766399.2461 5638.8000 142.0312 192.9167 7.4778 322.0000 640.0800 152.4000
10942331 355031.7073 3766527.6521 5646.4200 142.0312 192.9167 7.4778 324.0000 640.0800 152.4000
10942331 354870.8910 3766654.0970 5654.0400 142.0312 192.9167 7.4778 325.0000 640.0800 152.4000
10942331 354783.1956 3766724.4142 5654.0400 142.0312 192.9167 7.4778 326.0000 640.0800 152.4000
10942331 354630.1668 3766852.8596 5661.6600 142.0312 192.9167 7.4778 327.0000 640.0800 152.4000
10942331 354133.3638 3767257.8349 5684.5200 142.0312 193.4311 7.4778 330.0000 640.0800 152.4000
10942331 353910.6563 3767435.1828 5692.1400 142.0312 193.4311 7.4778 331.0000 640.0800 152.4000
10942331 353757.6509 3767563.6432 5699.7600 142.0312 193.4311 7.8029 332.0000 640.0800 152.4000
10942331 353622.6672 3767672.7861 5707.3800 142.0312 193.4311 7.4778 333.0000 640.0800 152.4000
10942331 353388.2223 3767864.2925 5722.6200 142.0312 193.4311 7.4778 334.0000 640.0800 152.4000
10942331 353305.4463 3767932.4326 5722.6200 142.0312 193.4311 7.8029 335.0000 640.0800 152.4000
10942331 353102.2998 3768097.2266 5737.8600 142.0312 193.4311 7.8029 336.0000 640.0800 152.4000
10942331 352943.7211 3768228.3269 5745.4800 142.0312 193.4311 8.1280 337.0000 640.0800 152.4000
10942331 352801.1212 3768344.7944 5753.1000 142.0312 193.4311 8.4531 338.0000 640.0800 152.4000
10942331 352488.0982 3768599.7510 5768.3400 142.0312 193.9456 8.7782 340.0000 640.0800 152.4000
10942331 352339.2439 3768720.9783 5775.9600 142.0312 193.9456 8.7782 341.0000 640.0800 152.4000
10942331 352177.1650 3768852.1473 5783.5800 142.0312 193.9456 8.4531 342.0000 640.0800 152.4000
10942331 352026.2457 3768975.9512 5791.2000 142.0312 193.9456 7.8029 344.0000 640.0800 152.4000
10942331 351881.6286 3769097.1200 5798.8200 142.0312 193.9456 7.1526 345.0000 640.0800 152.4000
10942331 351672.2336 3769264.5843 5806.4400 142.0312 193.9456 6.5024 346.0000 640.0800 152.4000
10942331 351583.8818 3769334.9441 5806.4400 142.0312 194.4600 5.8522 347.0000 640.0800 152.4000
10942331 351363.4565 3769516.9760 5814.0600 142.0312 194.4600 5.5270 348.0000 640.0800 152.4000
10942331 351128.3652 3769706.4381 5821.6800 142.0312 194.9744 5.5270 350.0000 640.0800 152.4000
10942331 350884.3162 3769907.8960 5829.3000 142.0312 195.4889 5.8522 351.0000 640.0800 152.4000
10942331 350737.6154 3770029.1168 5836.9200 142.0312 195.4889 6.5024 352.0000 640.0800 152.4000
10942331 350598.5168 3770140.9107 5844.5400 142.0312 195.4889 6.8275 353.0000 640.0800 152.4000
10942331 350461.5674 3770254.7885 5852.1600 142.0312 195.4889 6.8275 354.0000 640.0800 152.4000
10942331 350307.2124 3770381.2156 5859.7800 142.0312 195.4889 6.8275 355.0000 640.0800 152.4000
10942331 350143.0708 3770512.0323 5867.4000 142.0312 195.4889 6.8275 356.0000 640.0800 152.4000
10942331 350011.7316 3770623.7124 5867.4000 142.0312 196.0033 6.5024 357.0000 640.0800 152.4000
10942331 349775.2461 3770810.6946 5875.0200 142.0312 196.0033 6.5024 358.0000 640.0800 152.4000
10942331 349622.3512 3770939.2264 5882.6400 142.0312 196.0033 6.1773 359.0000 640.0800 152.4000
10942331 349532.6624 3771012.1673 5890.2600 142.0312 196.0033 6.1773 360.0000 640.0800 152.4000
10942331 349362.2530 3771146.0607 5890.2600 142.0312 196.5178 6.1773 361.0000 640.0800 152.4000
10942331 349204.4744 3771276.7936 5897.8800 142.0312 196.5178 6.1773 362.0000 640.0800 152.4000
10942331 349038.4138 3771417.8174 5905.5000 142.0312 196.5178 6.1773 363.0000 640.0800 152.4000
10942331 348811.0047 3771597.4872 5913.1200 142.0312 196.5178 6.1773 364.0000 640.0800 152.4000
10942331 348656.6868 3771723.5200 5920.7400 142.0312 197.0322 5.5270 365.0000 640.0800 152.4000
10942331 348569.1249 3771796.4368 5920.7400 142.0312 197.5467 5.2019 366.0000 640.0800 152.4000
10942331 348343.8459 3771976.0847 5928.3600 142.0312 198.0611 4.8768 367.0000 640.0800 152.4000
10942331 348177.7695 3772114.5864 5935.9800 142.0312 198.0611 4.8768 369.0000 640.0800 152.4000
10942331 348021.4382 3772245.7408 5935.9800 142.0312 198.0611 4.5517 370.0000 640.0800 152.4000
10942331 347931.7332 3772316.1597 5943.6000 142.0312 198.0611 4.5517 371.0000 640.0800 152.4000
10942331 347755.9222 3772461.5968 5943.6000 142.0312 198.5756 4.8768 372.0000 640.0800 152.4000
10942331 347595.3786 3772592.8269 5951.2200 142.0312 198.5756 5.5270 373.0000 640.0800 152.4000
10942331 347443.1296 3772714.1933 5958.8400 142.0312 199.0900 6.1773 374.0000 640.0800 152.4000
10942331 347272.8145 3772850.2421 5966.4600 142.0312 199.0900 6.5024 375.0000 640.0800 152.4000
10942331 347119.9522 3772976.7020 5966.4600 142.0312 199.0900 6.5024 376.0000 640.0800 152.4000
10942331 346952.4965 3773114.8265 5974.0800 142.0312 199.0900 6.8275 377.0000 640.0800 152.4000
10942331 346786.3436 3773246.1627 5981.7000 142.0312 199.0900 6.8275 378.0000 640.0800 152.4000
10942331 346651.5623 3773357.9499 5989.3200 142.0312 199.0900 7.1526 379.0000 640.0800 152.4000
10942331 346494.5688 3773489.1427 5996.9400 142.0312 199.0900 7.4778 380.0000 640.0800 152.4000
10942331 346334.7226 3773617.8460 6004.5600 142.0312 199.0900 7.8029 381.0000 640.0800 152.4000
10942331 346248.5626 3773688.2246 6012.1800 142.0312 199.0900 8.1280 382.0000 640.0800 152.4000
10942331 346088.7645 3773819.4706 6019.8000 142.0312 199.0900 8.4531 383.0000 640.0800 152.4000
10942331 345942.1442 3773938.2327 6027.4200 142.0312 199.0900 8.1280 384.0000 640.0800 152.4000
10942331 345650.9568 3774171.4992 6035.0400 142.0312 199.6044 8.1280 385.0000 640.0800 152.4000
10942331 345493.9490 3774300.1715 6042.6600 142.0312 199.6044 7.4778 386.0000 640.0800 152.4000
10942331 345349.3857 3774414.6784 6050.2800 142.0312 199.6044 7.1526 387.0000 640.0800 152.4000
10942331 345206.9722 3774531.2682 6057.9000 142.0312 199.6044 6.8275 388.0000 640.0800 152.4000
10942331 345138.9688 3774591.6271 6057.9000 142.0312 199.6044 6.8275 389.0000 640.0800 152.4000
10942331 344904.0859 3774778.7162 6073.1400 142.0312 200.1189 7.1526 390.0000 640.0800 152.4000
10942331 344675.5117 3774963.5919 6080.7600 142.0312 200.1189 7.1526 391.0000 640.0800 152.4000
10942331 344495.5841 3775109.5865 6088.3800 142.0312 200.1189 7.1526 392.0000 640.0800 152.4000
10942331 344419.8895 3775172.6170 6088.3800 142.0312 200.1189 7.4778 393.0000 640.0800 152.4000
10942331 344185.1122 3775364.3787 6103.6200 142.0312 200.1189 7.8029 394.0000 640.0800 152.4000
10942331 344025.2940 3775491.0085 6111.2400 142.0312 200.1189 8.1280 396.0000 640.0800 152.4000
10942331 343874.5448 3775612.4131 6118.8600 142.0312 200.1189 8.1280 397.0000 640.0800 152.4000
10942331 343728.0221 3775733.7502 6126.4800 142.0312 200.1189 8.4531 398.0000 640.0800 152.4000
10942331 343571.6928 3775857.7915 6134.1000 142.0312 200.1189 8.4531 399.0000 640.0800 152.4000
10942331 343362.6713 3776030.1058 6141.7200 142.0312 200.1189 8.4531 400.0000 640.0800 152.4000
10942331 343204.3602 3776161.3805 6149.3400 142.0312 200.1189 8.1280 401.0000 640.0800 152.4000
10942331 343050.1137 3776282.8577 6156.9600 142.0312 200.1189 8.1280 402.0000 640.0800 152.4000
10942331 342903.6542 3776406.7468 6164.5800 142.0312 200.1189 7.8029 403.0000 640.0800 152.4000
10942331 342816.1377 3776477.1823 6172.2000 142.0312 200.6333 7.1526 404.0000 640.0800 152.4000
10942331 342561.9269 3776681.5843 6179.8200 142.0312 200.6333 6.8275 405.0000 640.0800 152.4000
10942331 342400.1549 3776815.0475 6187.4400 142.0312 200.6333 6.8275 406.0000 640.0800 152.4000
10942331 342317.4511 3776878.2138 6187.4400 142.0312 200.6333 5.8522 407.0000 640.0800 152.4000
10942331 342097.3441 3777058.3614 6195.0600 142.0312 201.1478 5.8522 408.0000 640.0800 152.4000
10942331 341862.7032 3777252.7231 6202.6800 142.0312 201.1478 5.5270 409.0000 640.0800 152.4000
10942331 341333.5806 3777680.5590 6225.5400 142.0312 201.1478 6.1773 413.0000 640.0800 152.4000
10942331 341098.8495 3777867.7493 6233.1600 142.0312 201.6622 6.5024 415.0000 640.0800 152.4000
10942331 340853.1133 3778069.5197 6240.7800 142.0312 201.6622 6.5024 416.0000 640.0800 152.4000
10942331 340507.3988 3778351.2769 6256.0200 142.0312 201.6622 6.8275 418.0000 640.0800 152.4000
10942331 340300.5199 3778518.9745 6263.6400 142.0312 201.6622 6.8275 419.0000 640.0800 152.4000
10942331 340206.7534 3778592.0817 6271.2600 142.0312 201.6622 7.1526 420.0000 640.0800 152.4000
10942331 339963.1225 3778791.3028 6278.8800 142.0312 201.6622 6.8275 421.0000 640.0800 152.4000
10942331 339808.3000 3778915.3869 6286.5000 142.0312 202.1767 6.8275 422.0000 640.0800 152.4000
10942331 339650.7901 3779046.7135 6294.1200 142.0312 202.6911 6.5024 424.0000 640.0800 152.4000
10942331 339476.5229 3779185.5228 6301.7400 142.0312 202.6911 6.5024 425.0000 640.0800 152.4000
10942331 339326.5511 3779304.4548 6301.7400 142.0312 202.6911 6.5024 426.0000 640.0800 152.4000
10942331 339151.0094 3779450.4863 6309.3600 142.0312 202.6911 6.8275 427.0000 640.0800 152.4000
10942331 339067.0663 3779520.8989 6316.9800 142.0312 202.6911 6.8275 428.0000 640.0800 152.4000
10942331 338625.6859 3779880.5400 6332.2200 142.0312 203.2056 6.5024 430.0000 640.0800 152.4000
10942331 338537.4935 3779948.9148 6339.8400 142.0312 203.2056 6.5024 431.0000 640.0800 152.4000
10942331 338258.5519 3780177.5664 6347.4600 142.0312 203.2056 6.8275 432.0000 640.0800 152.4000
10942331 338010.8188 3780379.0293 6362.7000 142.0312 202.6911 9.4285 434.0000 640.0800 152.4000
10942331 337844.9609 3780513.0720 6370.3200 142.0312 202.6911 9.7536 435.0000 640.0800 152.4000
10942331 337686.8015 3780644.4459 6385.5600 142.0312 202.6911 9.7536 437.0000 640.0800 152.4000
10942331 337288.5574 3780969.9804 6400.8000 142.0312 202.6911 9.7536 438.0000 640.0800 152.4000
10942331 337288.5574 3780969.9804 6400.8000 142.0312 202.1767 9.4285 439.0000 640.0800 152.4000
10942331 336793.1625 3781371.6989 6431.2800 142.0312 202.1767 8.7782 442.0000 640.0800 152.4000
10942331 336641.1932 3781493.2515 6438.9000 142.0312 202.1767 8.7782 443.0000 640.0800 152.4000
10942331 336512.1877 3781600.0194 6446.5200 142.0312 202.1767 8.7782 444.0000 640.0800 152.4000
10942331 336381.7859 3781707.2367 6454.1400 142.0312 202.1767 8.7782 445.0000 640.0800 152.4000
10942331 336102.2375 3781935.5458 6469.3800 142.0312 202.1767 8.7782 446.0000 640.0800 152.4000
10942331 336102.2375 3781935.5458 6469.3800 142.0312 202.1767 8.1280 447.0000 640.0800 152.4000
10942331 335628.4497 3782320.0277 6484.6200 142.0312 202.6911 7.8029 449.0000 640.0800 152.4000
10942331 335460.5499 3782454.1522 6492.2400 142.0312 202.6911 7.4778 450.0000 640.0800 152.4000
10942331 335298.9323 3782585.2076 6499.8600 142.0312 202.6911 7.4778 451.0000 640.0800 152.4000
10942331 335133.1517 3782719.3014 6507.4800 142.0312 202.6911 7.4778 452.0000 640.0800 152.4000
10942331 334961.1653 3782860.2783 6515.1000 142.0312 202.6911 7.8029 454.0000 640.0800 152.4000
10942331 334797.4965 3782993.9183 6522.7200 142.0312 202.6911 7.8029 455.0000 640.0800 152.4000
10942331 334655.3050 3783108.5634 6530.3400 142.0312 202.6911 7.8029 456.0000 640.0800 152.4000
10942331 334497.1887 3783237.4564 6537.9600 142.0312 202.6911 7.1526 457.0000 640.0800 152.4000
10942331 334497.1887 3783237.4564 6537.9600 142.0312 202.6911 7.1526 458.0000 640.0800 152.4000
10942331 334497.1887 3783237.4564 6537.9600 142.0312 202.6911 6.8275 459.0000 640.0800 152.4000
10942331 334046.4379 3783604.6927 6560.8200 142.0312 202.6911 7.4778 460.0000 640.0800 152.4000
10942331 333808.6092 3783799.3314 6568.4400 142.0312 202.1767 8.7782 461.0000 640.0800 152.4000
10942331 333808.6092 3783799.3314 6568.4400 142.0312 202.1767 9.7536 463.0000 640.0800 152.4000
10942331 333260.7844 3784242.3848 6598.9200 142.0312 202.1767 9.7536 464.0000 640.0800 152.4000
10942331 333110.3128 3784363.9736 6614.1600 142.0312 201.6622 10.4038 465.0000 640.0800 152.4000
10942331 332948.8132 3784498.0337 6621.7800 142.0312 201.6622 10.4038 466.0000 640.0800 152.4000
10942331 332794.1310 3784619.7029 6629.4000 142.0312 201.6622 10.0787 467.0000 640.0800 152.4000
10942331 332632.6327 3784753.3457 6637.0200 142.0312 201.6622 10.0787 468.0000 640.0800 152.4000
10942331 332632.6327 3784753.3457 6637.0200 142.0312 201.6622 9.7536 469.0000 640.0800 152.4000
10942331 332310.9352 3785013.8463 6659.8800 142.0312 201.6622 9.7536 470.0000 640.0800 152.4000
10942331 332159.0820 3785135.4764 6667.5000 142.0312 201.6622 9.4285 471.0000 640.0800 152.4000
10942331 331985.1202 3785279.0878 6675.1200 142.0312 201.6622 9.1034 472.0000 640.0800 152.4000
10942331 331841.0092 3785400.5851 6682.7400 142.0312 201.6622 8.7782 474.0000 640.0800 152.4000
10942331 331841.0092 3785400.5851 6682.7400 142.0312 201.6622 8.7782 475.0000 640.0800 152.4000
10942331 331528.9857 3785649.0924 6697.9800 142.0312 201.6622 8.4531 476.0000 640.0800 152.4000
10942331 331388.9829 3785763.7525 6705.6000 142.0312 201.6622 8.7782 477.0000 640.0800 152.4000
10942331 331070.8616 3786023.8124 6720.8400 142.0312 201.6622 8.7782 478.0000 640.0800 152.4000
10942331 331070.8616 3786023.8124 6720.8400 142.0312 201.6622 8.7782 479.0000 640.0800 152.4000
10942331 330895.5725 3786170.0091 6728.4600 142.0312 201.6622 8.4531 480.0000 640.0800 152.4000
10942331 330599.5926 3786408.5278 6743.7000 142.0312 201.1478 8.4531 481.0000 640.0800 152.4000
10942331 330458.9475 3786525.3308 6751.3200 142.0312 201.6622 8.1280 482.0000 640.0800 152.4000
10942331 330298.8368 3786654.3376 6758.9400 142.0312 201.6622 8.1280 483.0000 640.0800 152.4000
10942331 330131.0896 3786788.5640 6766.5600 142.0312 201.6622 7.1526 484.0000 640.0800 152.4000
10942331 329991.1590 3786905.3618 6774.1800 142.0312 201.6622 6.8275 485.0000 640.0800 152.4000
10942331 329821.3885 3787043.8630 6774.1800 142.0312 201.6622 6.1773 486.0000 640.0800 152.4000
10942331 329821.3885 3787043.8630 6774.1800 142.0312 201.6622 6.1773 488.0000 640.0800 152.4000
10942331 329821.3885 3787043.8630 6774.1800 142.0312 201.6622 5.8522 489.0000 640.0800 152.4000
10942331 329330.8011 3787443.3877 6797.0400 142.0312 201.6622 5.8522 490.0000 640.0800 152.4000
10942331 329165.2289 3787579.7096 6797.0400 142.0312 201.6622 5.8522 491.0000 640.0800 152.4000
10942331 328987.7585 3787718.7908 6804.6600 142.0312 201.6622 5.5270 492.0000 640.0800 152.4000
10942331 328823.5942 3787854.6705 6812.2800 142.0312 201.6622 5.5270 493.0000 640.0800 152.4000
10942331 328681.5020 3787966.8740 6812.2800 142.0312 202.1767 4.8768 494.0000 640.0800 152.4000
10942331 328508.3096 3788108.4262 6819.9000 142.0312 202.1767 4.2266 495.0000 640.0800 152.4000
10942331 328508.3096 3788108.4262 6819.9000 142.0312 202.6911 3.9014 496.0000 640.0800 152.4000
10942331 328186.8324 3788368.6552 6827.5200 142.0312 203.2056 3.2512 497.0000 640.0800 152.4000
10942331 328015.0605 3788510.1915 6827.5200 142.0312 203.2056 2.9261 498.0000 640.0800 152.4000
10942331 327855.7196 3788639.2301 6827.5200 142.0312 203.2056 2.9261 499.0000 640.0800 152.4000
10942331 327672.0873 3788785.2230 6835.1400 142.0312 203.2056 2.6010 500.0000 640.0800 152.4000
10942331 327510.7407 3788919.3834 6835.1400 142.0312 203.7200 2.6010 501.0000 640.0800 152.4000
10942331 327356.9893 3789045.7893 6842.7600 142.0312 203.7200 2.6010 502.0000 640.0800 152.4000
10942331 326847.8072 3789455.1101 6850.3800 142.0312 204.2344 3.2512 505.0000 640.0800 152.4000
10942331 326379.0292 3789842.1292 6858.0000 142.0312 204.2344 3.5763 508.0000 640.0800 152.4000
10942331 326379.0292 3789842.1292 6858.0000 142.0312 205.2633 4.5517 509.0000 640.0800 152.4000
10942331 326048.0200 3790112.7726 6873.2400 142.0312 205.2633 5.2019 510.0000 640.0800 152.4000
10942331 325880.3476 3790244.5421 6873.2400 142.0312 205.2633 5.2019 511.0000 640.0800 152.4000
10942331 325880.3476 3790244.5421 6873.2400 142.0312 205.2633 5.8522 512.0000 640.0800 152.4000
10942331 325132.4562 3790850.9647 6903.7200 142.0312 205.2633 5.8522 516.0000 640.0800 152.4000
10942331 325132.4562 3790850.9647 6903.7200 142.0312 205.7778 5.8522 517.0000 640.0800 152.4000
10942331 324661.0154 3791238.5516 6918.9600 142.0312 205.7778 5.8522 519.0000 640.0800 152.4000
10942331 323835.0479 3791908.3394 6941.8200 142.0312 205.7778 5.8522 524.0000 640.0800 152.4000
10942331 323835.0479 3791908.3394 6941.8200 142.0312 206.8067 4.2266 525.0000 640.0800 152.4000
10942331 323835.0479 3791908.3394 6941.8200 142.0312 206.8067 3.2512 527.0000 640.0800 152.4000
10942331 323228.0281 3792405.6309 6949.4400 142.0312 206.8067 3.2512 528.0000 640.0800 152.4000
10942331 323068.0681 3792532.2316 6957.0600 142.0312 206.8067 3.2512 529.0000 640.0800 152.4000
10942331 323068.0681 3792532.2316 6957.0600 142.0312 207.8356 3.2512 530.0000 640.0800 152.4000
10942331 322583.6245 3792929.4906 6964.6800 142.0312 207.8356 3.2512 532.0000 640.0800 152.4000
10942331 313190.6975 3800571.1066 7299.9600 142.0312 211.4367 2.9261 592.0000 640.0800 152.4000
10942331 313190.6975 3800571.1066 7299.9600 142.0312 211.9511 2.2758 593.0000 640.0800 152.4000
10942331 312022.9252 3801518.5044 7315.2000 142.0312 211.9511 2.2758 596.0000 640.0800 152.4000
10942331 312022.9252 3801518.5044 7315.2000 142.0312 212.4656 1.6256 597.0000 640.0800 152.4000
10942331 312022.9252 3801518.5044 7315.2000 142.0312 213.4944 1.3005 599.0000 640.0800 152.4000
10942331 312022.9252 3801518.5044 7315.2000 142.0312 213.4944 1.3005 600.0000 640.0800 152.4000
10942331 312022.9252 3801518.5044 7315.2000 142.0312 214.0089 0.6502 602.0000 640.0800 152.4000
10942331 310853.3256 3802468.2176 7315.2000 142.0312 214.0089 0.6502 603.0000 640.0800 152.4000
10942331 310853.3256 3802468.2176 7315.2000 142.0312 215.0378 0.3251 605.0000 640.0800 152.4000
10942331 310536.9946 3802726.8969 7315.2000 142.0312 215.0378 0.3251 606.0000 640.0800 152.4000
10942331 310363.4986 3802861.6316 7315.2000 142.0312 215.5522 0.3251 607.0000 640.0800 152.4000
10942331 310175.6997 3803017.8240 7315.2000 142.0312 215.5522 0.3251 608.0000 640.0800 152.4000
10942331 310014.0846 3803149.3615 7315.2000 142.0312 215.5522 0.3251 609.0000 640.0800 152.4000
10942331 310014.0846 3803149.3615 7315.2000 142.0312 216.0667 0.3251 611.0000 640.0800 152.4000
10942331 309200.4545 3803806.7858 7315.2000 142.0312 216.0667 0.3251 613.0000 640.0800 152.4000
