40s:
11259136:(758.296,12.65,758.402)
11259136:(995.019,15.5,995.139)
11259136:(894.376,38.2,895.191)
11259136:(915.841,8.14001,915.877)
11259136:(283.466,4.41998,283.5)
11259136:(960.535,51.94,961.939)

50s:
11259136:(1039.72,65.77,1041.79)
11259136:(589.131,48.88,591.155)
11259136:(165.252,6.84998,165.394)
11259136:(293.93,4.32001,293.962)
11259136:(982.716,16.42,982.853)
	
90s:
11259136:(828.598,9.45001,828.652)
11259136:(900.462,19.39,900.671)
11259136:(838.238,20.84,838.497)
11259136:(793.253,5.01996,793.269)
11259136:(853.462,8.72003,853.506)
11259136:(1069.81,0.330017,1069.81)
11259136:(403.132,6.31,403.182)
11259136:(809.963,14.74,810.097)
11259136:(413.519,6.29999,413.567)
11259136:(1115.8,5.79004,1115.82)

100s:
11259136:(1056.27,9.59003,1056.31)
11259136:(638.648,1.79999,638.651)
11259136:(1105.01,10.45,1105.06)

110s:
11259136:(786.964,2.62,786.968)
