adsb1
138.409,133.95,192.613
320.544,63.7401,326.82
100.367,89.25,134.31
608.068,5.20001,608.09
246.676,41.4575,250.136
379.819,6.56,379.876
37.9507,99.65,106.632
13.3456,80.99,82.0822
255.625,4.69,255.668
288.179,98.55,304.564

adsb2
10734770:(796.471,75.32,800.024)
10934723:(71.7003,1.04999,71.708)

10934723:(340.103,43.89,342.923)
10942331:(696.25,2.5,696.255)

10734770:(448.834,39.9,450.604)
10942331:(275.907,10.42,276.104)

10734770:(334.84,6.34003,334.9)
10942331:(196.911,55.69,204.634)

10734770:(361.08,82.86,370.466)
10942331:(298.658,60.15,304.655)

10734770:(100.787,82.48,130.234)
10942331:(503.567,35.7,504.831)

10734770:(303.349,69.8801,311.294)
10942331:(697.617,41.47,698.848)

10934723:(1770.15,15.52,1770.22)
10942331:(105.654,20.66,107.655)

10934723:(1798.4,4.97998,1798.4)
10942331:(611.778,2.60999,611.783)

10934723:(363.955,2.97998,363.967)
10942331:(453.876,6.77002,453.927)

adsb3:
10734770:(297.774,79.76,308.271)
10934723:(1456.71,37.69,1457.2)
10942331:(390.307,9.91003,390.433)

10734770:(406.985,53.96,410.547)
10934723:(410.713,3.10999,410.725)
10942331:(648.367,2.99005,648.374)

10734770:(218.936,24.19,220.268)
10934723:(327.479,64.54,333.778)
10942331:(376.47,76.63,384.19)

10734770:(350.952,9.79999,351.089)
10934723:(390.099,40.37,392.182)
10942331:(698.213,5.52002,698.235)

10734770:(577.611,27.51,578.266)
10934723:(543.551,8.36005,543.615)
10942331:(689.872,15.39,690.044)

10734770:(395.972,29.84,397.095)
10934723:(138.812,115.04,180.286)
10942331:(3618.51,86.05,3619.54)

10734770:(1073.07,100.31,1077.75)
10934723:(285.302,26.96,286.573)
10942331:(1155.02,34.43,1155.54)

10734770:(35.3757,19.5557,40.4211)
10934723:(43.9629,154.2,160.345)
10942331:(495.128,13.48,495.312)

10734770:(336.747,39.68,339.076)
10934723:(421.095,28.68,422.071)
10942331:(678.039,2.53003,678.043)

10734770:(313.925,16.36,314.351)
10934723:(471.777,17.5,472.101)
10942331:(527.426,12.0075,527.563)
