40s
11259136:(338.182,117.75,358.095)
11259136:(421.411,50.04,424.372)
11259136:(424.871,18.45,425.271)
11259136:(387.27,15.85,387.594)
11259136:(383.734,6.66998,383.792)
11259136:(480.211,5.84998,480.247)
11259136:(429.058,2.92999,429.068)
11259136:(452.854,9.04999,452.944)
11259136:(413.844,9.52002,413.954)
11259136:(550.412,7.14996,550.459)
50s
11259136:(479.973,18.73,480.338)
11259136:(353.07,101.31,367.317)
11259136:(377.158,47.9,380.187)
11259136:(505.34,13.62,505.523)
11259136:(441.037,5.04999,441.066)
11259136:(433.464,3.40997,433.477)
11259136:(304.628,23.74,305.552)
11259136:(420.447,25.5099,421.22)
11259136:(400.196,32.34,401.501)
11259136:(373.538,55.5099,377.64)
60s
11259136:(462.757,2.87,462.766)
11259136:(436.446,2.64996,436.454)
11259136:(394.24,7.45996,394.311)
11259136:(338.768,6.95001,338.84)
11259136:(388.139,5.89996,388.184)
11259136:(306.601,43.86,309.722)
11259136:(430.271,2.54999,430.278)
11259136:(482.579,0.200012,482.579)
11259136:(524.958,4.12,524.975)
11259136:(470.704,6.70001,470.752)
70s
11259136:(205.372,1.72003,205.379)
   1.5
11259136:(387.048,7.94,387.13) 
11259136:(234.234,4.78003,234.283)
   90 deg
11259136:(323.63,77.23,332.717)
11259136:(473.145,2.28998,473.15)
11259136:(323.106,91.17,335.723)
11259136:(354.812,1.96002,354.817)
11259136:(477.857,2.96002,477.866)
11259136:(366.315,7.14996,366.385)
11259136:(394.689,16.21,395.022)
11259136:(396.527,9.64001,396.644)
11259136:(348.845,7.97003,348.936)
11259136:(357.901,2.33002,357.908)
80s
11259136:(402.919,0.360046,402.919)
11259136:(543.563,1.78003,543.566)
11259136:(596.534,0.0199585,596.534)
11259136:(522.765,0.290039,522.765)
11259136:(523.218,5.99005,523.253)
11259136:(415.008,7.19995,415.07)
11259136:(398.777,3.06,398.788)
11259136:(482.561,7.78003,482.624)
11259136:(430.624,1.88,430.628)
11259136:(441.636,4.71002,441.661)
90s
1.2
11259136:(477.737,6.85999,477.787)
11259136:(366.462,2.02002,366.468)
11259136:(322.721,81.78,332.921)
11259136:(435.523,2.39001,435.529)
11259136:(335.413,45.6,338.498)
11259136:(263.738,1.41998,263.741)
11259136:(438.005,15.23,438.27)
11259136:(438.74,4.79999,438.766)
11259136:(426.832,10.78,426.968)
11259136:(350.938,3.70001,350.957)
1.4
11259136:(652.726,0.289978,652.726)
11259136:(559.991,1.10004,559.992)
11259136:(381.835,4.48999,381.861)
11259136:(408.634,5.72998,408.674)
11259136:(320.404,9.14001,320.534)
11259136:(435.248,64.21,439.959)
11259136:(449.066,1.96002,449.071)
11259136:(547.912,7.54999,547.964)
11259136:(420.697,0.539978,420.697)
11259136:(675.747,3.66998,675.757)
100s
11259136:(387.674,7.46002,387.746)
11259136:(436.638,107.75,449.736)
11259136:(333.396,90.36,345.425)
11259136:(346.48,129.5,369.89)
11259136:(684.257,0.690002,684.257)
11259136:(323.816,54.23,328.325)
11259136:(364.867,74.27,372.349)
11259136:(262.71,103.12,282.224)
11259136:(288.052,83.95,300.036)
11259136:(472.202,25.96,472.915)
110s

120s
11259136:(123.82,74.98,144.753)
11259136:(96.3017,124.66,157.525)
11259136:(243.354,140.24,280.871)
11259136:(273.552,143.97,309.125)
11259136:(209.905,71.61,221.784)
11259136:(184.032,141.83,232.344)
11259136:(151.15,116.25,190.684)
11259136:(164.133,121.46,204.186)
11259136:(68.92,106.4,126.771)
11259136:(183.117,122.85,220.508)
