40s
10734770:(427.357,97.62,438.365)
10734770:(318.807,3.67999,318.828)
10734770:(355.548,23.93,356.352)
10734770:(353.943,88.94,364.946)
10734770:(366.792,19.69,367.32)
10734770:(230.029,131.4,264.914)
10734770:(288.977,136.17,319.452)
10734770:(386.405,70.59,392.8)
10734770:(378.126,35.3,379.77)
10734770:(345.696,27.73,346.807)
10734770:(371.2,43.23,373.709)

50s
10734770:(227.665,10.13,227.89)
10734770:(204.091,11.22,204.399)

40s none
10734770:(374.544,96.79,386.848)
10734770:(368.763,108.69,384.447)
10734770:(164.511,16.84,165.37)
10734770:(48.7746,27.45,55.9684)
10734770:(85.5387,18.33,87.4806)
10734770:(203.916,11.67,204.25)
10734770:(309.122,93.24,322.878)
10734770:(84.8118,10.47,85.4556)
10734770:(354.83,51.42,358.537)
10734770:(210.896,19.09,211.758)
