50s:
10734770:(574.855,92.91,582.315)
10734770:(612.348,118.94,623.792)
10734770:(407.444,32.6799,408.752)
10734770:(498.034,33.47,499.157)
10734770:(302.884,25.52,303.957)
10734770:(522.506,106.14,533.178)
10734770:(554.617,118.56,567.148)
10734770:(562.699,118.52,575.045)
10734770:(596.285,77.1,601.249)
10734770:(430.727,39.92,432.573)

60s:
10734770:(1200.25,153.6,1210.04)
10734770:(1051.84,11.99,1051.91)
10734770:(530.598,0.359985,530.598)
10734770:(850.508,16.77,850.673)
10734770:(1038.43,130.84,1046.64)
10734770:(466.754,3.02002,466.764)
10734770:(1059.37,128.95,1067.19)
10734770:(403.684,3.58002,403.7)
10734770:(548.383,28.52,549.124)
10734770:(802.337,13.0699,802.443)

70s:
10734770:(374.053,44.9614,376.745)
10734770:(350.399,11.2557,350.58)
10734770:(414.682,7.45001,414.749)
10734770:(368.727,38.98,370.782)
10734770:(355.164,39.8314,357.39)
10734770:(377.193,22.29,377.851)
10734770:(450.66,28.9414,451.589)
10734770:(356.039,27.0515,357.065)
10734770:(362.881,5.83997,362.928)
10734770:(389.955,20.5957,390.499)

90s:
10734770:(411.08,21.13,411.622)
10734770:(1029.12,78.07,1032.07)
10734770:(860.986,53.93,862.673)
10734770:(727.345,66.4,730.37)
10734770:(873.601,68.91,876.315)
10734770:(875.84,63.88,878.167)
10734770:(741.951,82.75,746.552)
10734770:(733.997,104.66,741.421)
10734770:(760.924,70.5,764.183)
10734770:(1004.72,20.8199,1004.94)

100s:
10734770:(729.908,112.43,738.516)
10734770:(1358.37,112.7,1363.03)
10734770:(1265.18,112.11,1270.13)
10734770:(1134.77,78.84,1137.5)

110s:
10734770:(1152.2,50.178,1153.3)

120s:
10734770:(49.2755,49.26,69.6752)
10734770:(24.5861,103.51,106.39)
10734770:(230.505,101.72,251.952)
10734770:(240.128,56.3799,246.658)
10734770:(115.646,11.76,116.243)
10734770:(187.63,18.47,188.537)

130s:
10734770:(210.524,28.96,212.507)
10734770:(157.431,60.68,168.721)
10734770:(291.639,91.61,305.689)
10734770:(288.266,93.6199,303.087)
10734770:(336.331,41.37,338.866)
10734770:(793.131,37.78,794.03)
10734770:(348.361,31.95,349.823)
10734770:(724.152,57.71,726.448)
10734770:(212.224,7.86993,212.37)
10734770:(38.8177,98.16,105.557)
10734770:(861.4,22.69,861.699)

140s:
10734770:(982.04,86.45,985.837)
10734770:(831.52,50.32,833.041)
10734770:(760.349,11.08,760.429)
10734770:(1033.3,77.95,1036.23)
10734770:(290.786,13.1,291.081)
10734770:(711.025,5.60999,711.047)

150s:
10734770:(1086.94,35.83,1087.53)
