10734770 398158 3.69968e+06 1798.32 177.187 109.062 22.4333 228.0000 640.0800 152.4000
10734770 398018.1335 3699691.7994 1821.1800 177.1875 109.5767 22.4333 229.0000 640.0800 152.4000
10734770 397948.6745 3699697.1855 1836.4200 177.1875 109.5767 22.1082 230.0000 640.0800 152.4000
10734770 397728.9005 3699708.8144 1882.1400 177.1875 110.0911 22.1082 231.0000 640.0800 152.4000
10734770 397621.1683 3699717.1459 1905.0000 177.1875 110.0911 22.1082 232.0000 640.0800 152.4000
10734770 397553.8419 3699722.9353 1920.2400 177.1875 110.0911 22.1082 233.0000 640.0800 152.4000
10734770 397470.9073 3699728.4681 1935.4800 177.1875 110.0911 22.1082 234.0000 640.0800 152.4000
10734770 397387.9727 3699734.0008 1950.7200 177.1875 110.0911 22.1082 235.0000 640.0800 152.4000
10734770 397268.2060 3699744.5791 1973.5800 177.1875 110.0911 22.4333 236.0000 640.0800 152.4000
10734770 397142.7428 3699753.1044 1996.4400 177.1875 110.6056 22.4333 237.0000 640.0800 152.4000
10734770 397044.9411 3699761.3367 2019.3000 177.1875 110.6056 22.4333 238.0000 640.0800 152.4000
10734770 396945.6713 3699764.9326 2042.1600 177.1875 110.0911 22.7584 239.0000 640.0800 152.4000
10734770 396835.8123 3699773.2956 2065.0200 177.1875 110.0911 23.0835 240.0000 640.0800 152.4000
10734770 396626.7066 3699787.3738 2110.7400 177.1875 110.0911 22.7584 241.0000 640.0800 152.4000
10734770 396534.6021 3699797.6655 2125.9800 177.1875 110.0911 22.7584 242.0000 640.0800 152.4000
10734770 396419.9815 3699802.9151 2147.5700 177.1875 110.0911 22.4333 243.0000 640.0800 152.4000
10734770 396305.3608 3699808.1646 2169.1600 177.1875 110.0911 22.1082 244.0000 640.0800 152.4000
10734770 396190.7402 3699813.4142 2190.7500 177.1875 110.0911 21.7831 245.0000 640.0800 152.4000
10734770 396076.1196 3699818.6638 2212.3400 177.1875 110.0911 21.4579 246.0000 640.0800 152.4000
10734770 395961.4989 3699823.9133 2233.9300 177.1875 110.0911 21.1328 247.0000 640.0800 152.4000
10734770 395846.8783 3699829.1629 2255.5200 177.1875 110.0911 20.8077 248.0000 640.0800 152.4000
10734770 395733.4697 3699837.1537 2278.3800 177.1875 110.0911 20.4826 249.0000 640.0800 152.4000
10734770 395627.8174 3699840.8320 2293.6200 177.1875 110.6056 20.1574 250.0000 640.0800 152.4000
10734770 395520.1046 3699850.7391 2311.4000 177.1875 110.7771 19.8323 251.0000 640.0800 152.4000
10734770 395412.3918 3699860.6461 2329.1800 177.1875 110.9485 19.5072 252.0000 640.0800 152.4000
10734770 395304.6790 3699870.5532 2346.9600 174.3750 111.1200 19.1821 253.0000 640.0800 152.4000
10734770 395258.9709 3699874.6441 2358.3900 174.3750 111.1200 19.0195 254.0000 640.0800 152.4000
10734770 395213.2627 3699878.7350 2369.8200 174.3750 111.1200 18.8570 255.0000 640.0800 152.4000
10734770 395083.8853 3699905.3533 2391.1560 174.3750 111.1200 18.8570 256.0000 640.0800 152.4000
10734770 394954.5080 3699931.9717 2412.4920 174.3750 111.1200 18.8570 257.0000 640.0800 152.4000
10734770 394825.1306 3699958.5900 2433.8280 174.3750 111.1200 18.8570 258.0000 640.0800 152.4000
10734770 394695.7533 3699985.2084 2455.1640 174.3750 111.1200 18.8570 259.0000 640.0800 152.4000
10734770 394566.3759 3700011.8267 2476.5000 174.3750 111.1200 18.8570 260.0000 640.0800 152.4000
10734770 394456.8303 3700048.5552 2499.3600 174.3750 111.1200 18.8570 261.0000 640.0800 152.4000
10734770 394341.6670 3700090.4225 2522.2200 174.3750 111.1200 18.8570 262.0000 640.0800 152.4000
10734770 394234.2785 3700129.6680 2537.4600 160.3125 112.6633 19.8323 263.0000 640.0800 152.4000
10734770 394117.0681 3700178.7517 2560.3200 160.3125 112.6633 19.8323 264.0000 640.0800 152.4000
10734770 394026.0681 3700224.5883 2583.1800 156.0937 113.1778 19.8323 265.0000 640.0800 152.4000
10734770 393978.5081 3700253.6633 2590.8000 156.0937 113.4350 19.6698 266.0000 640.0800 152.4000
10734770 393930.9481 3700282.7383 2598.4200 154.6875 113.6922 19.5072 267.0000 640.0800 152.4000
10734770 393742.8160 3700396.9031 2636.5200 149.0625 113.6922 19.1821 268.0000 640.0800 152.4000
10734770 393637.2426 3700471.6686 2651.7600 147.6562 114.7211 18.5318 269.0000 640.0800 152.4000
10734770 393560.6461 3700536.8098 2667.0000 144.8438 114.7211 18.2067 270.0000 640.0800 152.4000
10734770 393483.3414 3700601.9595 2682.2400 139.2187 115.7500 17.5565 271.0000 640.0800 152.4000
10734770 393382.8953 3700691.0538 2705.1000 136.4062 116.2644 17.2314 272.0000 640.0800 152.4000
10734770 393343.2854 3700733.1578 2712.7200 136.4062 116.2644 17.2314 273.0000 640.0800 152.4000
10734770 393303.6756 3700775.2617 2720.3400 136.4062 116.2644 17.2314 274.0000 640.0800 152.4000
10734770 393237.1666 3700854.2538 2735.5800 133.5937 116.7789 16.9062 275.0000 640.0800 152.4000
10734770 393153.9049 3700957.5433 2750.8200 129.3750 117.2933 17.2314 276.0000 640.0800 152.4000
10734770 393100.7074 3701042.5942 2767.3300 128.4375 117.4648 17.2314 277.0000 640.0800 152.4000
10734770 393047.5100 3701127.6451 2783.8400 127.5000 117.6363 17.2314 278.0000 640.0800 152.4000
10734770 392994.3125 3701212.6960 2800.3500 126.5625 117.8078 17.2314 279.0000 640.0800 152.4000
10734770 392834.7201 3701467.8488 2849.8800 126.5625 117.8078 17.2314 280.0000 640.0800 152.4000
10734770 392790.1308 3701571.9821 2865.1200 122.3438 118.0650 18.2067 281.0000 640.0800 152.4000
10734770 392745.5414 3701676.1155 2880.3600 118.1250 118.3222 19.1821 282.0000 640.0800 152.4000
10734770 392700.6630 3701785.9633 2903.2200 118.1250 118.3222 19.1821 283.0000 640.0800 152.4000
10734770 392655.7846 3701895.8111 2926.0800 118.1250 118.3222 19.1821 284.0000 640.0800 152.4000
10734770 392615.7038 3702008.4770 2944.5857 116.9196 118.5427 19.2285 285.0000 640.0800 152.4000
10734770 392575.6230 3702121.1430 2963.0914 115.7143 118.7632 19.2750 286.0000 640.0800 152.4000
10734770 392535.5422 3702233.8089 2981.5971 114.5089 118.9837 19.3214 287.0000 640.0800 152.4000
10734770 392495.4615 3702346.4748 3000.1029 113.3036 119.2041 19.3679 288.0000 640.0800 152.4000
10734770 392455.3807 3702459.1407 3018.6086 112.0982 119.4246 19.4143 289.0000 640.0800 152.4000
10734770 392415.2999 3702571.8067 3037.1143 110.8929 119.6451 19.4608 290.0000 640.0800 152.4000
10734770 392375.2191 3702684.4726 3055.6200 109.6875 119.8656 19.5072 291.0000 640.0800 152.4000
10734770 392338.9642 3702803.7442 3078.4800 109.6875 119.8656 18.5318 292.0000 640.0800 152.4000
10734770 392306.0715 3702906.4808 3093.7200 109.6875 120.3800 17.8816 293.0000 640.0800 152.4000
10734770 392265.5123 3703021.1475 3108.9600 108.2812 120.8944 17.8816 294.0000 640.0800 152.4000
10734770 392209.4163 3703204.9396 3139.4400 108.2812 120.8944 17.5565 295.0000 640.0800 152.4000
10734770 392192.2884 3703258.6424 3147.0600 108.2812 120.8944 17.7190 296.0000 640.0800 152.4000
10734770 392175.1605 3703312.3452 3154.6800 108.2812 120.8944 17.8816 297.0000 640.0800 152.4000
10734770 392153.9229 3703378.9960 3162.3000 108.2812 120.8944 18.2067 298.0000 640.0800 152.4000
10734770 392117.7588 3703505.8820 3185.1600 108.2812 121.4089 18.2067 299.0000 640.0800 152.4000
10734770 392078.6463 3703622.6487 3200.4000 108.2812 121.4089 18.2067 300.0000 640.0800 152.4000
10734770 392024.0053 3703808.9644 3230.8800 107.5781 121.6661 18.2067 301.0000 640.0800 152.4000
10734770 391969.3644 3703995.2800 3261.3600 106.8750 121.9233 18.2067 302.0000 640.0800 152.4000
10734770 391933.8296 3704114.5457 3280.4100 106.8750 121.9233 18.2067 303.0000 640.0800 152.4000
10734770 391898.2948 3704233.8114 3299.4600 106.8750 121.9233 18.2067 304.0000 640.0800 152.4000
10734770 391865.5213 3704346.2781 3314.7000 106.8750 121.9233 17.8816 305.0000 640.0800 152.4000
10734770 391840.0871 3704417.6301 3329.9400 106.8750 122.4378 17.8816 306.0000 640.0800 152.4000
10734770 391808.2373 3704549.1226 3345.1800 106.8750 122.4378 17.8816 307.0000 640.0800 152.4000
10734770 391773.4153 3704668.3810 3360.4200 106.8750 122.9522 17.8816 308.0000 640.0800 152.4000
10734770 391733.1650 3704809.2745 3383.2800 106.8750 122.9522 18.2067 309.0000 640.0800 152.4000
10734770 391715.7431 3704867.8465 3394.7100 106.8750 122.9522 18.3693 310.0000 640.0800 152.4000
10734770 391698.3212 3704926.4185 3406.1400 106.8750 122.9522 18.5318 311.0000 640.0800 152.4000
10734770 391667.7032 3705040.9771 3421.3800 106.8750 122.9522 18.5318 312.0000 640.0800 152.4000
10734770 391627.3992 3705176.7955 3444.2400 106.8750 122.9522 18.8570 313.0000 640.0800 152.4000
10734770 391594.6849 3705293.9161 3459.4800 106.8750 122.9522 18.8570 314.0000 640.0800 152.4000
10734770 391581.9104 3705355.8204 3474.7200 105.4687 122.4378 18.8570 315.0000 640.0800 152.4000
10734770 391543.6311 3705482.3102 3489.9600 105.4687 122.4378 18.8570 316.0000 640.0800 152.4000
10734770 391497.2749 3705646.9628 3520.4400 105.4687 122.4378 19.1821 317.0000 640.0800 152.4000
10734770 391478.2315 3705718.6672 3535.6800 105.4687 122.4378 19.1821 318.0000 640.0800 152.4000
10734770 391438.2857 3705885.7862 3558.5400 105.4687 122.4378 19.1821 319.0000 640.0800 152.4000
10734770 391400.0631 3706016.9294 3581.4000 105.4687 122.4378 19.1821 320.0000 640.0800 152.4000
10734770 391351.6955 3706191.3350 3611.8800 105.4687 122.4378 19.1821 321.0000 640.0800 152.4000
10734770 391321.1674 3706313.0856 3627.1200 105.4687 122.4378 19.1821 322.0000 640.0800 152.4000
10734770 391298.9547 3706417.8218 3642.3600 105.4687 121.9233 18.8570 323.0000 640.0800 152.4000
10734770 391268.3231 3706530.2673 3665.2200 105.4687 121.9233 18.5318 324.0000 640.0800 152.4000
10734770 391221.9489 3706692.3839 3688.0800 105.4687 122.4378 18.5318 325.0000 640.0800 152.4000
10734770 391192.4591 3706811.5853 3703.3200 105.4687 122.4378 18.3693 326.0000 640.0800 152.4000
10734770 391162.9693 3706930.7867 3718.5600 105.4687 122.4378 18.2067 327.0000 640.0800 152.4000
10734770 391133.3904 3707041.9520 3737.6100 105.4687 122.4378 18.0442 328.0000 640.0800 152.4000
10734770 391103.8114 3707153.1173 3756.6600 105.4687 122.4378 17.8816 329.0000 640.0800 152.4000
10734770 391085.4953 3707225.8723 3768.0900 105.4687 122.4378 17.8816 330.0000 640.0800 152.4000
10734770 391067.1791 3707298.6272 3779.5200 105.4687 122.4378 17.8816 331.0000 640.0800 152.4000
10734770 391033.1916 3707427.1865 3794.7600 105.4687 122.4378 17.5565 332.0000 640.0800 152.4000
10734770 390989.0098 3707594.3562 3817.6200 105.4687 122.4378 17.5565 333.0000 640.0800 152.4000
10734770 390960.4548 3707701.7035 3832.8600 105.4687 122.4378 17.5565 334.0000 640.0800 152.4000
10734770 390923.6692 3707833.2562 3855.7200 105.4687 122.4378 17.2314 335.0000 640.0800 152.4000
10734770 390888.3264 3707966.9080 3874.7700 105.4687 122.4378 17.2314 336.0000 640.0800 152.4000
10734770 390852.9837 3708100.5598 3893.8200 105.4687 122.4378 17.2314 337.0000 640.0800 152.4000
10734770 390816.7997 3708222.3768 3909.0600 105.4687 122.9522 17.2314 338.0000 640.0800 152.4000
10734770 390788.2489 3708329.7248 3924.3000 105.4687 122.9522 16.9062 339.0000 640.0800 152.4000
10734770 390754.9617 3708456.6705 3941.0640 105.4687 123.1580 16.6461 340.0000 640.0800 152.4000
10734770 390721.6745 3708583.6162 3957.8280 105.4687 123.3638 16.3860 341.0000 640.0800 152.4000
10734770 390688.3872 3708710.5620 3974.5920 105.4687 123.5695 16.1260 342.0000 640.0800 152.4000
10734770 390655.1000 3708837.5077 3991.3560 105.4687 123.7753 15.8659 343.0000 640.0800 152.4000
10734770 390621.8128 3708964.4534 4008.1200 105.4687 123.9811 15.6058 344.0000 640.0800 152.4000
10734770 390593.2379 3709069.2643 4023.3600 105.4687 124.4956 15.2806 345.0000 640.0800 152.4000
10734770 390558.4546 3709188.9517 4038.6000 105.4687 124.4956 15.2806 346.0000 640.0800 152.4000
10734770 390527.9717 3709312.8207 4053.8400 105.4687 124.4956 15.2806 347.0000 640.0800 152.4000
10734770 390493.1902 3709432.5084 4069.0800 105.4687 124.4956 15.2806 348.0000 640.0800 152.4000
10734770 390455.2949 3709589.8807 4084.3200 105.4687 125.0100 15.6058 349.0000 640.0800 152.4000
10734770 390437.2615 3709655.4429 4095.7500 105.4687 125.0100 15.6058 350.0000 640.0800 152.4000
10734770 390419.2282 3709721.0051 4107.1800 105.4687 125.0100 15.6058 351.0000 640.0800 152.4000
10734770 390386.6283 3709845.3218 4122.4200 105.4687 125.0100 15.9309 352.0000 640.0800 152.4000
10734770 390352.2946 3709972.8311 4137.6600 105.4687 125.0100 16.0935 353.0000 640.0800 152.4000
10734770 390317.9609 3710100.3405 4152.9000 105.4687 125.0100 16.2560 354.0000 640.0800 152.4000
10734770 390298.7487 3710155.5524 4160.5200 105.4687 125.0100 15.9309 355.0000 640.0800 152.4000
10734770 390264.1567 3710291.3141 4183.3800 105.4687 125.5244 15.9309 356.0000 640.0800 152.4000
10734770 390214.4997 3710472.9342 4206.2400 105.4687 125.5244 15.6058 357.0000 640.0800 152.4000
10734770 390181.8765 3710594.7141 4221.4800 105.4687 125.5244 15.2806 358.0000 640.0800 152.4000
10734770 390149.4423 3710732.9899 4236.7200 105.4687 126.0389 15.2806 359.0000 640.0800 152.4000
10734770 390116.6327 3710838.2743 4251.9600 105.4687 126.0389 14.9555 360.0000 640.0800 152.4000
10734770 390083.3984 3710968.3107 4267.2000 105.4687 126.2961 14.9555 361.0000 640.0800 152.4000
10734770 390050.1640 3711098.3471 4282.4400 105.4687 126.5533 14.9555 362.0000 640.0800 152.4000
10734770 390019.5306 3711207.8373 4290.0600 105.4687 127.0678 14.6304 363.0000 640.0800 152.4000
10734770 389984.9276 3711341.9085 4305.3000 105.4687 127.0678 14.6304 364.0000 640.0800 152.4000
10734770 389963.8076 3711415.7562 4320.5400 105.4687 127.0678 14.9555 365.0000 640.0800 152.4000
10734770 389916.2834 3711596.9312 4343.4000 105.4687 127.0678 14.9555 366.0000 640.0800 152.4000
10734770 389868.5772 3711762.0337 4358.6400 105.4687 127.0678 15.2806 367.0000 640.0800 152.4000
10734770 389836.1232 3711897.7732 4381.5000 105.4687 127.0678 15.6058 368.0000 640.0800 152.4000
10734770 389805.4710 3712005.1496 4389.1200 105.4687 127.0678 15.6058 369.0000 640.0800 152.4000
10734770 389774.8776 3712117.6017 4404.3600 105.4687 127.0678 15.6058 370.0000 640.0800 152.4000
10734770 389744.3867 3712238.9363 4419.6000 105.4687 127.5822 15.9309 371.0000 640.0800 152.4000
10734770 389724.2680 3712307.0625 4431.0300 105.4687 127.5822 15.9309 372.0000 640.0800 152.4000
10734770 389704.1494 3712375.1886 4442.4600 105.4687 127.5822 15.9309 373.0000 640.0800 152.4000
10734770 389671.5935 3712501.6236 4457.7000 105.4687 127.5822 15.9309 374.0000 640.0800 152.4000
10734770 389638.8494 3712611.5628 4472.9400 105.4687 127.5822 15.9309 375.0000 640.0800 152.4000
10734770 389600.7112 3712745.2536 4488.1800 105.4687 127.5822 15.9309 376.0000 640.0800 152.4000
10734770 389570.2589 3712869.5497 4503.4200 105.4687 127.5822 16.2560 377.0000 640.0800 152.4000
10734770 389520.6547 3713053.2897 4526.2800 105.4687 127.5822 16.2560 378.0000 640.0800 152.4000
10734770 389499.4066 3713115.2956 4533.9000 105.4687 127.5822 16.2560 379.0000 640.0800 152.4000
10734770 389459.3131 3713263.3925 4556.7600 105.4687 127.5822 16.5811 380.0000 640.0800 152.4000
10734770 389443.5960 3713313.4903 4564.3800 105.4687 127.5822 16.5811 381.0000 640.0800 152.4000
10734770 389402.3309 3713482.7524 4587.2400 105.4687 127.5822 16.5811 382.0000 640.0800 152.4000
10734770 389362.4155 3713621.2033 4605.5280 105.7500 127.6851 16.3210 383.0000 640.0800 152.4000
10734770 389322.5001 3713759.6543 4623.8160 106.0312 127.7880 16.0609 384.0000 640.0800 152.4000
10734770 389282.5848 3713898.1052 4642.1040 106.3125 127.8909 15.8008 385.0000 640.0800 152.4000
10734770 389242.6694 3714036.5562 4660.3920 106.5937 127.9938 15.5407 386.0000 640.0800 152.4000
10734770 389202.7540 3714175.0071 4678.6800 106.8750 128.0967 15.2806 387.0000 640.0800 152.4000
10734770 389146.9567 3714373.2042 4701.5400 106.8750 128.6111 14.9555 388.0000 640.0800 152.4000
10734770 389115.1243 3714499.6336 4716.7800 106.8750 129.1256 14.6304 389.0000 640.0800 152.4000
10734770 389096.0119 3714562.0391 4716.7800 106.8750 129.1256 13.9802 390.0000 640.0800 152.4000
10734770 389059.2773 3714693.1786 4732.0200 106.8750 129.1256 13.9802 391.0000 640.0800 152.4000
10734770 389019.1397 3714836.2024 4747.2600 106.8750 129.6400 13.6550 392.0000 640.0800 152.4000
10734770 388974.9790 3714998.7322 4770.1200 106.8750 129.6400 13.3299 393.0000 640.0800 152.4000
10734770 388936.7536 3715123.1212 4777.7400 106.8750 129.6400 13.6550 394.0000 640.0800 152.4000
10734770 388918.7159 3715186.3609 4785.3600 106.8750 129.8972 13.6550 395.0000 640.0800 152.4000
10734770 388900.6781 3715249.6006 4792.9800 106.8750 130.1544 13.6550 396.0000 640.0800 152.4000
10734770 388865.9612 3715370.9882 4808.2200 106.8750 130.6689 13.6550 397.0000 640.0800 152.4000
10734770 388829.9464 3715502.5437 4823.4600 106.8750 130.1544 13.9802 398.0000 640.0800 152.4000
10734770 388799.3187 3715609.9244 4838.7000 106.8750 130.6689 13.9802 399.0000 640.0800 152.4000
10734770 388760.4979 3715743.6279 4846.3200 106.8750 130.6689 13.9802 400.0000 640.0800 152.4000
10734770 388728.5928 3715862.8685 4861.5600 106.8750 131.1833 13.9802 401.0000 640.0800 152.4000
10734770 388670.6630 3716058.5561 4884.4200 106.8750 131.1833 13.9802 402.0000 640.0800 152.4000
10734770 388636.6654 3716180.3595 4899.6600 106.8750 131.1833 13.6550 403.0000 640.0800 152.4000
10734770 388599.8953 3716307.2717 4907.2800 106.8750 132.2122 13.3299 404.0000 640.0800 152.4000
10734770 388566.0075 3716438.3809 4922.5200 106.8750 132.2122 13.0048 405.0000 640.0800 152.4000
10734770 388525.0697 3716572.1103 4937.7600 106.8750 132.2122 13.0048 406.0000 640.0800 152.4000
10734770 388488.9520 3716693.9392 4945.3800 106.8750 132.7267 13.3299 407.0000 640.0800 152.4000
10734770 388450.9026 3716832.2888 4960.6200 106.8750 132.7267 13.3299 408.0000 640.0800 152.4000
10734770 388410.6917 3716967.2796 4975.8600 106.8750 132.7267 13.3299 409.0000 640.0800 152.4000
10734770 388370.4808 3717102.2705 4991.1000 106.8750 132.7267 13.3299 410.0000 640.0800 152.4000
10734770 388342.3917 3717183.3959 4998.7200 106.8750 132.7267 13.4924 411.0000 640.0800 152.4000
10734770 388314.3025 3717264.5213 5006.3400 108.2812 132.7267 13.6550 412.0000 640.0800 152.4000
10734770 388273.9426 3717386.4006 5021.5800 108.2812 132.2122 13.3299 413.0000 640.0800 152.4000
10734770 388223.6967 3717510.5103 5036.8200 111.0938 132.2122 13.3299 414.0000 640.0800 152.4000
10734770 388204.5674 3717570.3803 5044.4400 111.0938 132.2122 13.3299 415.0000 640.0800 152.4000
10734770 388150.1052 3717697.0777 5052.0600 112.5000 132.2122 13.0048 416.0000 640.0800 152.4000
10734770 388072.8347 3717834.6185 5067.3000 114.7500 132.0064 12.8748 417.0000 640.0800 152.4000
10734770 387995.5642 3717972.1593 5082.5400 117.0000 131.8006 12.7447 418.0000 640.0800 152.4000
10734770 387918.2936 3718109.7001 5097.7800 119.2500 131.5949 12.6147 419.0000 640.0800 152.4000
10734770 387841.0231 3718247.2409 5113.0200 121.5000 131.3891 12.4846 420.0000 640.0800 152.4000
10734770 387763.7526 3718384.7817 5128.2600 123.7500 131.1833 12.3546 421.0000 640.0800 152.4000
10734770 387650.1691 3718540.5168 5151.1200 125.1562 131.1833 12.3546 422.0000 640.0800 152.4000
10734770 387587.8755 3718616.8636 5160.6450 125.1562 130.9261 12.7610 423.0000 640.0800 152.4000
10734770 387525.5820 3718693.2105 5170.1700 125.1562 130.6689 13.1674 424.0000 640.0800 152.4000
10734770 387463.2884 3718769.5573 5179.6950 125.1562 130.4116 13.5738 425.0000 640.0800 152.4000
10734770 387400.9948 3718845.9041 5189.2200 130.7813 130.1544 13.9802 426.0000 640.0800 152.4000
10734770 387308.8654 3718958.6658 5212.0800 130.7813 129.6400 14.3053 427.0000 640.0800 152.4000
10734770 387212.3518 3719059.6349 5227.3200 132.1875 129.1256 14.9555 428.0000 640.0800 152.4000
10734770 387119.8191 3719167.7505 5246.3700 132.1875 129.1256 15.6058 429.0000 640.0800 152.4000
10734770 387027.2865 3719275.8660 5265.4200 132.1875 129.1256 16.2560 430.0000 640.0800 152.4000
10734770 386905.6357 3719405.9008 5288.2800 132.1875 128.6111 16.9062 431.0000 640.0800 152.4000
10734770 386862.3130 3719454.2142 5295.9000 132.1875 128.0967 17.2314 432.0000 640.0800 152.4000
10734770 386732.9905 3719593.6485 5326.3800 133.5937 127.5822 17.8816 433.0000 640.0800 152.4000
10734770 386693.1787 3719639.3831 5334.0000 133.5937 127.0678 18.2067 434.0000 640.0800 152.4000
10734770 386591.0711 3719745.0785 5356.8600 135.0000 126.5533 18.5318 435.0000 640.0800 152.4000
10734770 386455.4163 3719887.1300 5379.7200 135.0000 126.0389 18.8570 436.0000 640.0800 152.4000
10734770 386396.3051 3719946.7377 5393.0550 135.0000 125.5245 18.9383 437.0000 640.0800 152.4000
10734770 386337.1939 3720006.3454 5406.3900 135.0000 125.0100 19.0195 438.0000 640.0800 152.4000
10734770 386218.9715 3720125.5609 5433.0600 135.0000 125.0100 19.1821 439.0000 640.0800 152.4000
10734770 386116.7941 3720224.4942 5455.9200 135.0000 124.4956 18.8570 440.0000 640.0800 152.4000
10734770 386075.5700 3720270.0369 5463.5400 135.0000 124.4956 18.6944 441.0000 640.0800 152.4000
10734770 386034.3459 3720315.5796 5471.1600 135.0000 124.4956 18.5318 442.0000 640.0800 152.4000
10734770 385937.8345 3720414.4476 5494.0200 135.0000 123.9811 18.2067 443.0000 640.0800 152.4000
10734770 385798.6300 3720554.0132 5524.5000 135.0000 123.9811 17.5565 444.0000 640.0800 152.4000
10734770 385719.5905 3720633.6391 5532.1200 135.0000 123.4667 16.9062 445.0000 640.0800 152.4000
10734770 385634.9459 3720717.9858 5554.9800 136.4062 123.4667 16.5811 446.0000 640.0800 152.4000
10734770 385542.5731 3720807.0790 5562.6000 136.4062 123.4667 15.9309 447.0000 640.0800 152.4000
10734770 385450.2181 3720897.4425 5577.8400 136.4062 123.9811 14.7929 448.0000 640.0800 152.4000
10734770 385357.8630 3720987.8061 5593.0800 136.4062 124.4956 13.6550 449.0000 640.0800 152.4000
10734770 385264.8180 3721079.4484 5600.7000 136.4062 124.4956 12.3546 450.0000 640.0800 152.4000
10734770 385152.8640 3721187.8166 5615.9400 136.4062 125.0100 11.3792 451.0000 640.0800 152.4000
10734770 385058.4025 3721279.0550 5623.5600 136.4062 126.0389 10.0787 452.0000 640.0800 152.4000
10734770 384994.3756 3721340.5286 5627.3700 136.4062 126.0389 9.4284 453.0000 640.0800 152.4000
10734770 384930.3487 3721402.0022 5631.1800 136.4062 126.0389 8.7782 454.0000 640.0800 152.4000
10734770 384837.9772 3721490.0456 5638.8000 136.4062 126.8106 8.1280 455.0000 640.0800 152.4000
10734770 384745.6058 3721578.0891 5646.4200 136.4062 127.5822 7.4778 456.0000 640.0800 152.4000
10734770 384652.5437 3721667.2009 5654.0400 136.4062 128.2681 7.2610 457.0000 640.0800 152.4000
10734770 384559.4815 3721756.3126 5661.6600 136.4062 128.9541 7.0443 458.0000 640.0800 152.4000
10734770 384466.4194 3721845.4244 5669.2800 137.8125 129.6400 6.8275 459.0000 640.0800 152.4000
10734770 384360.0632 3721946.9665 5676.9000 137.8125 130.1544 7.1526 460.0000 640.0800 152.4000
10734770 384308.9502 3721992.8482 5676.9000 137.8125 130.6689 7.8029 461.0000 640.0800 152.4000
10734770 384127.7070 3722163.8293 5699.7600 137.8125 131.1833 8.4531 462.0000 640.0800 152.4000
10734770 384082.2267 3722207.1060 5699.7600 137.8125 131.1833 9.1034 463.0000 640.0800 152.4000
10734770 383938.7734 3722342.0989 5715.0000 137.8125 131.1833 9.7536 464.0000 640.0800 152.4000
10734770 383852.0367 3722426.4881 5730.2400 137.8125 132.2122 9.7536 465.0000 640.0800 152.4000
10734770 383716.2558 3722551.6617 5745.4800 137.8125 132.2122 10.0787 466.0000 640.0800 152.4000
10734770 383619.7345 3722645.9018 5753.1000 137.8125 132.7267 10.4038 467.0000 640.0800 152.4000
10734770 383515.4830 3722744.4673 5760.7200 137.8125 132.7267 10.4038 468.0000 640.0800 152.4000
10734770 383413.2741 3722836.2405 5775.9600 137.8125 133.2411 10.7290 469.0000 640.0800 152.4000
10734770 383362.1704 3722882.1276 5783.5800 137.8125 133.7556 10.7290 470.0000 640.0800 152.4000
10734770 383259.3444 3722981.1018 5791.2000 137.8125 133.7556 10.4038 471.0000 640.0800 152.4000
10734770 383177.4863 3723058.2473 5801.3600 137.8125 134.0985 10.5122 472.0000 640.0800 152.4000
10734770 383095.6281 3723135.3928 5811.5200 137.8125 134.4415 10.6206 473.0000 640.0800 152.4000
10734770 383013.7700 3723212.5383 5821.6800 137.8125 134.7844 10.7290 474.0000 640.0800 152.4000
10734770 382917.1126 3723294.5195 5829.3000 137.8125 134.7844 10.7290 475.0000 640.0800 152.4000
10734770 382812.8806 3723393.5161 5836.9200 137.8125 135.2989 11.0541 476.0000 640.0800 152.4000
10734770 382718.3752 3723477.5883 5852.1600 137.8125 135.2989 11.0541 477.0000 640.0800 152.4000
10734770 382631.6596 3723561.9893 5859.7800 137.8125 135.2989 11.3792 478.0000 640.0800 152.4000
10734770 382500.7821 3723680.3538 5875.0200 137.8125 135.8134 11.3792 479.0000 640.0800 152.4000
10734770 382369.9046 3723798.7183 5890.2600 137.8125 136.3278 11.3792 480.0000 640.0800 152.4000
10734770 382271.9890 3723892.5673 5905.5000 137.8125 136.3278 11.3792 481.0000 640.0800 152.4000
10734770 382216.6514 3723938.5129 5905.5000 137.8125 136.8422 11.3792 482.0000 640.0800 152.4000
10734770 382079.8564 3724063.9367 5920.7400 137.8125 136.8422 11.5418 483.0000 640.0800 152.4000
10734770 381943.0614 3724189.3605 5935.9800 137.8125 136.8422 11.7043 484.0000 640.0800 152.4000
10734770 381858.4242 3724269.0899 5951.2200 137.8125 137.3567 11.7043 485.0000 640.0800 152.4000
10734770 381754.1772 3724365.1379 5958.8400 137.8125 137.3567 12.0294 486.0000 640.0800 152.4000
10734770 381698.1976 3724415.9599 5966.4600 137.8125 137.3567 12.0294 487.0000 640.0800 152.4000
10734770 381642.2180 3724466.7819 5974.0800 137.8125 137.3567 12.0294 488.0000 640.0800 152.4000
10734770 381490.4324 3724609.1093 5996.9400 137.8125 137.3567 12.3546 489.0000 640.0800 152.4000
10734770 381388.2314 3724698.3675 6004.5600 137.8125 137.8711 12.3546 490.0000 640.0800 152.4000
10734770 381276.3062 3724802.1310 6019.8000 137.8125 137.8711 12.3546 491.0000 640.0800 152.4000
10734770 381232.8845 3724838.2051 6027.4200 137.8125 137.8711 12.3546 492.0000 640.0800 152.4000
10734770 381071.3223 3724989.9679 6042.6600 137.8125 138.9000 12.3546 493.0000 640.0800 152.4000
10734770 380961.5577 3725096.2468 6057.9000 137.8125 138.9000 12.0294 494.0000 640.0800 152.4000
10734770 380876.9052 3725173.4476 6065.5200 137.8125 138.9000 12.0294 495.0000 640.0800 152.4000
10734770 380788.0674 3725255.3548 6080.7600 137.8125 138.9000 12.0294 496.0000 640.0800 152.4000
10734770 380671.9423 3725361.7165 6088.3800 137.8125 138.9000 12.0294 497.0000 640.0800 152.4000
10734770 380575.3530 3725445.8377 6103.6200 137.8125 139.4144 12.0294 498.0000 640.0800 152.4000
10734770 380436.1841 3725576.1805 6118.8600 137.8125 139.4144 12.0294 499.0000 640.0800 152.4000
10734770 380320.0668 3725682.5468 6134.1000 137.8125 139.4144 12.0294 500.0000 640.0800 152.4000
10734770 380221.3934 3725769.2361 6141.7200 139.2187 139.9289 12.0294 501.0000 640.0800 152.4000
10734770 380109.4351 3725868.3612 6156.9600 139.2187 139.9289 12.0294 502.0000 640.0800 152.4000
10734770 380005.2284 3725964.8524 6164.5800 139.2187 139.9289 12.0294 503.0000 640.0800 152.4000
10734770 379892.5620 3726063.5661 6179.8200 139.2187 139.9289 12.3546 504.0000 640.0800 152.4000
10734770 379790.4551 3726157.9182 6195.0600 139.2187 139.9289 12.6797 505.0000 640.0800 152.4000
10734770 379682.0691 3726259.1192 6210.3000 139.2187 139.9289 12.6797 506.0000 640.0800 152.4000
10734770 379579.8760 3726346.2830 6217.9200 139.2187 139.9289 13.0048 507.0000 640.0800 152.4000
10734770 379461.6823 3726454.8019 6233.1600 137.8125 140.4433 13.0048 508.0000 640.0800 152.4000
10734770 379376.3472 3726532.0260 6244.5900 137.8125 140.4433 13.0048 509.0000 640.0800 152.4000
10734770 379291.0122 3726609.2502 6256.0200 137.8125 140.4433 13.0048 510.0000 640.0800 152.4000
10734770 379146.9533 3726741.7903 6271.2600 137.8125 140.4433 13.0048 511.0000 640.0800 152.4000
10734770 379064.4519 3726818.9813 6286.5000 137.8125 140.4433 13.0048 512.0000 640.0800 152.4000
10734770 378966.5142 3726906.0984 6294.1200 137.8125 140.4433 13.3299 513.0000 640.0800 152.4000
10734770 378853.9338 3727009.9010 6316.9800 137.8125 140.4433 13.6550 514.0000 640.0800 152.4000
10734770 378798.0118 3727062.8559 6324.6000 137.8125 140.4433 13.8176 515.0000 640.0800 152.4000
10734770 378742.0898 3727115.8109 6332.2200 137.8125 140.4433 13.9802 516.0000 640.0800 152.4000
10734770 378695.2429 3727159.1327 6339.8400 137.8125 140.4433 14.3053 517.0000 640.0800 152.4000
10734770 378531.6115 3727308.8529 6355.0800 137.8125 140.4433 14.6304 518.0000 640.0800 152.4000
10734770 378421.8965 3727414.7399 6370.3200 137.8125 140.4433 14.6304 519.0000 640.0800 152.4000
10734770 378305.8239 3727521.1321 6385.5600 137.8125 140.4433 14.3053 520.0000 640.0800 152.4000
10734770 378154.1042 3727660.9778 6408.4200 137.8125 140.4433 13.6550 521.0000 640.0800 152.4000
10734770 378114.9238 3727694.8979 6416.0400 137.8125 140.4433 13.3299 522.0000 640.0800 152.4000
10734770 377955.5217 3727842.0367 6431.2800 137.8125 140.4433 13.0048 523.0000 640.0800 152.4000
10734770 377863.2300 3727926.5557 6446.5200 137.8125 140.4433 13.0048 524.0000 640.0800 152.4000
10734770 377761.1577 3728020.5079 6454.1400 137.8125 140.4433 12.6797 525.0000 640.0800 152.4000
10734770 377643.0377 3728131.5886 6469.3800 137.8125 140.4433 12.6797 526.0000 640.0800 152.4000
10734770 377556.4092 3728216.0385 6484.6200 137.8125 140.4433 12.6797 527.0000 640.0800 152.4000
10734770 377416.6417 3728348.5520 6499.8600 137.8125 140.4433 12.6797 528.0000 640.0800 152.4000
10734770 377352.3437 3728409.0267 6507.4800 137.8125 140.9578 12.6797 529.0000 640.0800 152.4000
10734770 377299.1773 3728454.9753 6515.1000 137.8125 140.9578 12.6797 530.0000 640.0800 152.4000
10734770 377094.4422 3728650.0934 6537.9600 137.8125 140.9578 12.6797 531.0000 640.0800 152.4000
10734770 377041.3707 3728703.2343 6545.5800 137.8125 140.9578 12.6797 532.0000 640.0800 152.4000
10734770 376890.3954 3728843.0922 6560.8200 137.8125 140.9578 12.6797 533.0000 640.0800 152.4000
10734770 376786.2591 3728940.0436 6576.0600 137.8125 140.9578 12.6797 534.0000 640.0800 152.4000
10734770 376685.7151 3729041.1806 6591.3000 137.8125 140.9578 12.6797 535.0000 640.0800 152.4000
10734770 376628.7563 3729094.1628 6598.9200 137.8125 141.2150 12.6797 536.0000 640.0800 152.4000
10734770 376571.7976 3729147.1449 6606.5400 136.4062 141.4722 12.6797 537.0000 640.0800 152.4000
10734770 376481.7122 3729236.3036 6614.1600 136.4062 141.4722 12.6797 538.0000 640.0800 152.4000
10734770 376367.8322 3729344.8084 6629.4000 136.4062 141.4722 12.6797 539.0000 640.0800 152.4000
10734770 376225.9490 3729475.2530 6644.6400 136.4062 141.4722 12.6797 540.0000 640.0800 152.4000
10734770 376126.1238 3729576.3871 6659.8800 136.4062 141.4722 12.6797 541.0000 640.0800 152.4000
10734770 376025.5058 3729670.7636 6667.5000 136.4062 140.9578 12.6797 542.0000 640.0800 152.4000
10734770 375931.2483 3729764.6358 6682.7400 136.4062 140.9578 12.6797 543.0000 640.0800 152.4000
10734770 375868.3506 3729822.5649 6690.3600 136.4062 140.9578 12.6797 544.0000 640.0800 152.4000
10734770 375707.0238 3729979.4999 6713.2200 136.4062 140.9578 12.6797 545.0000 640.0800 152.4000
10734770 375605.0551 3730078.1295 6720.8400 136.4062 140.9578 12.6797 546.0000 640.0800 152.4000
10734770 375459.7241 3730213.7080 6736.0800 136.4062 140.9578 12.6797 547.0000 640.0800 152.4000
10734770 375373.1614 3730300.2939 6751.3200 136.4062 140.9578 12.3546 548.0000 640.0800 152.4000
10734770 375266.9904 3730401.5206 6766.5600 136.4062 140.9578 12.6797 549.0000 640.0800 152.4000
10734770 375153.1381 3730510.0408 6774.1800 136.4062 140.9578 12.6797 550.0000 640.0800 152.4000
10734770 375067.2935 3730597.0435 6789.4200 136.4062 140.9578 12.6797 551.0000 640.0800 152.4000
10734770 375013.1673 3730648.9414 6797.0400 136.4062 140.9578 12.6797 552.0000 640.0800 152.4000
10734770 374959.0411 3730700.8394 6804.6600 136.4062 140.9578 12.6797 553.0000 640.0800 152.4000
10734770 374862.6832 3730794.7506 6812.2800 136.4062 140.9578 12.6797 554.0000 640.0800 152.4000
10734770 374753.0546 3730901.1054 6827.5200 136.4062 140.9578 12.6797 555.0000 640.0800 152.4000
10734770 374593.8522 3731055.4948 6850.3800 136.4062 140.9578 12.6797 556.0000 640.0800 152.4000
10734770 374533.0921 3731113.4055 6858.0000 136.4062 140.9578 12.6797 557.0000 640.0800 152.4000
10734770 374419.3177 3731226.5879 6873.2400 136.4062 140.9578 12.6797 558.0000 640.0800 152.4000
10734770 374265.6597 3731371.6031 6888.4800 136.4062 140.9578 12.6797 559.0000 640.0800 152.4000
10734770 374216.7945 3731419.6292 6896.1000 136.4062 140.9578 12.6797 560.0000 640.0800 152.4000
10734770 374167.9293 3731467.6553 6903.7200 136.4062 140.9578 12.6797 561.0000 640.0800 152.4000
10734770 374014.3402 3731617.3276 6918.9600 136.4062 140.9578 12.6797 562.0000 640.0800 152.4000
10734770 373904.3922 3731724.7557 6934.2000 136.4062 140.7005 12.6797 563.0000 640.0800 152.4000
10734770 373794.4442 3731832.1838 6949.4400 136.4062 140.4433 12.6797 564.0000 640.0800 152.4000
10734770 373696.0499 3731930.7885 6957.0600 136.4062 140.4433 12.6797 565.0000 640.0800 152.4000
10734770 373635.2729 3731986.5903 6964.6800 136.4062 140.4433 12.6797 566.0000 640.0800 152.4000
10734770 373533.3808 3732087.7814 6979.9200 136.4062 139.9289 12.6797 567.0000 640.0800 152.4000
10734770 373409.8127 3732206.8903 6995.1600 136.4062 139.9289 12.6797 568.0000 640.0800 152.4000
10734770 373286.2447 3732325.9991 7010.4000 136.4062 139.9289 12.6797 569.0000 640.0800 152.4000
10734770 373162.6766 3732445.1080 7025.6400 136.4062 139.9289 12.6797 570.0000 640.0800 152.4000
10734770 373062.1745 3732543.7478 7040.8800 136.4062 139.9289 12.6797 571.0000 640.0800 152.4000
10734770 372948.3448 3732650.1812 7056.1200 136.4062 139.9289 12.6797 572.0000 640.0800 152.4000
10734770 372858.3547 3732741.4914 7063.7400 136.4062 139.9289 12.3546 573.0000 640.0800 152.4000
10734770 372757.8645 3732840.5576 7078.9800 136.4062 139.9289 12.3546 574.0000 640.0800 152.4000
10734770 372660.1362 3732934.5114 7086.6000 136.4062 139.4144 12.3546 575.0000 640.0800 152.4000
10734770 372598.6648 3732990.3296 7094.2200 136.4062 139.4144 12.3546 576.0000 640.0800 152.4000
10734770 372533.4065 3733053.6032 7103.7450 136.4062 139.4144 12.3546 577.0000 640.0800 152.4000
10734770 372468.1481 3733116.8769 7113.2700 136.4062 139.4144 12.3546 578.0000 640.0800 152.4000
10734770 372337.6314 3733243.4242 7132.3200 136.4062 139.4144 12.3546 579.0000 640.0800 152.4000
10734770 372255.2753 3733323.2158 7139.9400 136.4062 139.4144 12.6797 580.0000 640.0800 152.4000
10734770 372104.5396 3733470.3453 7155.1800 136.4062 139.4144 12.6797 581.0000 640.0800 152.4000
10734770 372015.1993 3733556.1561 7166.6100 136.4062 139.1572 12.6797 582.0000 640.0800 152.4000
10734770 371925.8590 3733641.9669 7178.0400 136.4062 138.9000 12.6797 583.0000 640.0800 152.4000
10734770 371825.4164 3733743.1586 7193.2800 136.4062 138.9000 12.6797 584.0000 640.0800 152.4000
10734770 371727.7067 3733837.1225 7208.5200 136.4062 138.9000 12.6797 585.0000 640.0800 152.4000
10734770 371639.0962 3733924.1961 7216.1400 136.4062 138.3856 12.6797 586.0000 640.0800 152.4000
10734770 371470.2251 3734088.0800 7239.0000 136.4062 138.3856 12.6797 587.0000 640.0800 152.4000
10734770 371419.2389 3734134.0349 7246.6200 136.4062 138.3856 12.6797 588.0000 640.0800 152.4000
10734770 371266.4087 3734281.2070 7261.8600 136.4062 138.3856 12.6797 589.0000 640.0800 152.4000
10734770 371220.0359 3734328.3702 7269.4800 136.4062 138.1284 12.6797 590.0000 640.0800 152.4000
10734770 371173.6631 3734375.5334 7277.1000 136.4062 137.8711 12.6797 591.0000 640.0800 152.4000
10734770 371024.9840 3734515.4615 7299.9600 136.4062 137.8711 12.6797 592.0000 640.0800 152.4000
10734770 370921.0265 3734616.7111 7307.5800 136.4062 137.8711 12.6797 593.0000 640.0800 152.4000
10734770 370842.1306 3734689.2771 7322.8200 136.4062 137.3567 12.6797 594.0000 640.0800 152.4000
10734770 370793.3682 3734742.3978 7322.8200 136.4062 137.3567 12.6797 595.0000 640.0800 152.4000
10734770 370650.3542 3734882.2557 7345.6800 136.4062 137.3567 12.6797 596.0000 640.0800 152.4000
10734770 370547.7551 3734978.8375 7353.3000 136.4062 137.3567 12.3546 597.0000 640.0800 152.4000
10734770 370461.9242 3735060.8086 7368.5400 136.4062 137.3567 12.0294 598.0000 640.0800 152.4000
10734770 370339.8626 3735181.3491 7383.7800 136.4062 137.3567 12.0294 599.0000 640.0800 152.4000
10734770 370245.7216 3735275.7043 7391.4000 136.4062 137.3567 11.3792 600.0000 640.0800 152.4000
10734770 370185.0149 3735333.6445 7399.0200 136.4062 137.3567 11.3792 601.0000 640.0800 152.4000
10734770 369994.5170 3735514.7741 7414.2600 136.4062 137.3567 10.4038 602.0000 640.0800 152.4000
10734770 369896.8781 3735611.2960 7429.5000 136.4062 137.8711 10.0787 603.0000 640.0800 152.4000
10734770 369794.3868 3735714.6545 7437.1200 136.4062 137.8711 10.0787 604.0000 640.0800 152.4000
10734770 369702.3129 3735804.3336 7444.7400 136.4062 138.3856 10.0787 605.0000 640.0800 152.4000
10734770 369661.1048 3735840.4345 7452.3600 136.4062 138.3856 10.0787 606.0000 640.0800 152.4000
10734770 369513.9825 3735987.5595 7467.6000 136.4062 138.3856 10.0787 607.0000 640.0800 152.4000
10734770 369364.7795 3736137.2539 7482.8400 136.4062 138.3856 10.0787 608.0000 640.0800 152.4000
10734770 369262.9136 3736233.8409 7490.4600 136.4062 138.3856 10.0787 609.0000 640.0800 152.4000
10734770 369159.0574 3736339.7640 7498.0800 136.4062 138.3856 10.0787 610.0000 640.0800 152.4000
10734770 369105.9746 3736385.7611 7505.7000 136.4062 138.3856 10.0787 611.0000 640.0800 152.4000
10734770 369050.4432 3736442.0874 7510.7800 136.4062 138.3856 10.0787 612.0000 640.0800 152.4000
10734770 368994.9118 3736498.4136 7515.8600 136.4062 138.3856 10.0787 613.0000 640.0800 152.4000
10734770 368939.3804 3736554.7399 7520.9400 136.4062 138.3856 10.0787 614.0000 640.0800 152.4000
10734770 368790.4667 3736698.3069 7536.1800 136.4062 138.3856 10.2413 615.0000 640.0800 152.4000
10734770 368641.5529 3736841.8739 7551.4200 136.4062 138.3856 10.4038 616.0000 640.0800 152.4000
10734770 368570.7871 3736912.0219 7559.0400 136.4062 138.3856 10.4038 617.0000 640.0800 152.4000
10734770 368500.0212 3736982.1699 7566.6600 136.4062 138.3856 10.4038 618.0000 640.0800 152.4000
10734770 368290.1315 3737187.2965 7589.5200 136.4062 138.3856 10.4038 619.0000 640.0800 152.4000
10734770 368195.9957 3737279.1354 7597.1400 136.4062 138.9000 10.4038 620.0000 640.0800 152.4000
10734770 368110.4760 3737363.5237 7607.3000 136.4062 138.9000 10.2954 621.0000 640.0800 152.4000
10734770 368024.9562 3737447.9119 7617.4600 136.4062 138.9000 10.1871 622.0000 640.0800 152.4000
10734770 367939.4365 3737532.3002 7627.6200 136.4062 138.9000 10.0787 623.0000 640.0800 152.4000
10734770 367873.5769 3737598.7898 7635.2400 136.4062 138.9000 10.0787 624.0000 640.0800 152.4000
10734770 367807.7173 3737665.2794 7642.8600 136.4062 138.9000 10.0787 625.0000 640.0800 152.4000
10734770 367664.8111 3737806.4554 7654.2900 136.4062 138.9000 10.0787 626.0000 640.0800 152.4000
10734770 367521.9048 3737947.6314 7665.7200 136.4062 138.9000 10.0787 627.0000 640.0800 152.4000
10734770 367474.5202 3737995.6747 7673.3400 136.4062 138.9000 10.0787 628.0000 640.0800 152.4000
10734770 367344.1258 3738121.2396 7688.5800 136.4062 139.1572 10.0787 629.0000 640.0800 152.4000
10734770 367213.7313 3738246.8044 7703.8200 136.4062 139.4144 10.0787 630.0000 640.0800 152.4000
10734770 367131.7717 3738328.4176 7711.4400 136.4062 139.4144 10.1437 631.0000 640.0800 152.4000
10734770 367049.8122 3738410.0307 7719.0600 136.4062 139.4144 10.2087 632.0000 640.0800 152.4000
10734770 366967.8526 3738491.6439 7726.6800 136.4062 139.4144 10.2738 633.0000 640.0800 152.4000
10734770 366885.8931 3738573.2570 7734.3000 136.4062 139.4144 10.3388 634.0000 640.0800 152.4000
10734770 366803.9335 3738654.8702 7741.9200 136.4062 139.4144 10.4038 635.0000 640.0800 152.4000
10734770 366681.5981 3738774.4091 7753.3500 136.4062 139.4144 10.4038 636.0000 640.0800 152.4000
10734770 366559.2628 3738893.9481 7764.7800 136.4062 139.4144 10.4038 637.0000 640.0800 152.4000
10734770 366449.1709 3738979.6192 7775.0894 136.4062 139.4144 10.4038 638.0000 640.0800 152.4000
10734770 366339.0790 3739065.2903 7785.3988 136.4062 139.4144 10.4038 639.0000 640.0800 152.4000
10734770 366228.9871 3739150.9615 7795.7082 136.4062 139.4144 10.4038 640.0000 640.0800 152.4000
10734770 366118.8952 3739236.6326 7806.0176 136.4062 139.4144 10.4038 641.0000 640.0800 152.4000
10734770 366008.8033 3739322.3037 7816.3271 136.4062 139.4144 10.4038 642.0000 640.0800 152.4000
10734770 365898.7114 3739407.9748 7826.6365 136.4062 139.4144 10.4038 643.0000 640.0800 152.4000
10734770 365788.6195 3739493.6460 7836.9459 136.4062 139.4144 10.4038 644.0000 640.0800 152.4000
10734770 365678.5276 3739579.3171 7847.2553 136.4062 139.4144 10.4038 645.0000 640.0800 152.4000
10734770 365568.4358 3739664.9882 7857.5647 136.4062 139.4144 10.4038 646.0000 640.0800 152.4000
10734770 365458.3439 3739750.6593 7867.8741 136.4062 139.4144 10.4038 647.0000 640.0800 152.4000
10734770 365348.2520 3739836.3305 7878.1835 136.4062 139.4144 10.4038 648.0000 640.0800 152.4000
10734770 365238.1601 3739922.0016 7888.4929 136.4062 139.4144 10.4038 649.0000 640.0800 152.4000
10734770 365128.0682 3740007.6727 7898.8024 136.4062 139.4144 10.4038 650.0000 640.0800 152.4000
10734770 365017.9763 3740093.3438 7909.1118 136.4062 139.4144 10.4038 651.0000 640.0800 152.4000
10734770 364907.8844 3740179.0150 7919.4212 136.4062 139.4144 10.4038 652.0000 640.0800 152.4000
10734770 364797.7925 3740264.6861 7929.7306 136.4062 139.4144 10.4038 653.0000 640.0800 152.4000
10734770 364687.7006 3740350.3572 7940.0400 136.4062 139.4144 10.4038 654.0000 640.0800 152.4000
10734770 364573.4509 3740414.1736 7947.6600 150.4688 137.3567 10.0787 655.0000 640.0800 152.4000
10734770 364466.9303 3740474.9201 7955.2800 150.4688 137.3567 10.0787 656.0000 640.0800 152.4000
10734770 364343.9307 3740539.0364 7965.9480 150.4688 137.3567 10.0787 657.0000 640.0800 152.4000
10734770 364220.9312 3740603.1528 7976.6160 150.4688 137.3567 10.0787 658.0000 640.0800 152.4000
10734770 364097.9316 3740667.2691 7987.2840 150.4688 137.3567 10.0787 659.0000 640.0800 152.4000
10734770 363974.9321 3740731.3855 7997.9520 150.4688 137.3567 10.0787 660.0000 640.0800 152.4000
10734770 363851.9325 3740795.5018 8008.6200 150.4688 137.3567 10.0787 661.0000 640.0800 152.4000
10734770 363735.4355 3740849.6299 8016.2400 154.6875 136.3278 10.0787 662.0000 640.0800 152.4000
10734770 363599.2966 3740913.3485 8031.4800 154.6875 136.3278 10.0787 663.0000 640.0800 152.4000
10734770 363482.7660 3740964.9417 8039.1000 156.0937 136.8422 10.0787 664.0000 640.0800 152.4000
10734770 363283.3069 3741046.4958 8054.3400 157.5000 136.3278 10.0787 665.0000 640.0800 152.4000
10734770 363220.1476 3741075.7492 8061.9600 157.5000 136.3278 10.0787 666.0000 640.0800 152.4000
10734770 363030.4775 3741149.9758 8077.2000 158.9062 136.3278 10.4038 667.0000 640.0800 152.4000
10734770 362909.5811 3741192.3310 8084.8200 160.3125 136.3278 10.0787 668.0000 640.0800 152.4000
10734770 362846.3570 3741216.9341 8088.6300 160.3125 136.0705 10.0787 669.0000 640.0800 152.4000
10734770 362783.1329 3741241.5372 8092.4400 161.7187 135.8133 10.0787 670.0000 640.0800 152.4000
10734770 362593.3289 3741306.0435 8107.6800 161.7187 135.8133 10.0787 671.0000 640.0800 152.4000
10734770 362461.0993 3741346.0294 8122.9200 161.7187 135.8133 10.0787 672.0000 640.0800 152.4000
10734770 362334.5942 3741391.0116 8130.5400 163.1250 135.8133 10.0787 673.0000 640.0800 152.4000
10734770 362197.7919 3741432.1260 8141.9700 163.8281 135.8133 10.0787 674.0000 640.0800 152.4000
10734770 362060.9895 3741473.2404 8153.4000 164.5313 135.8133 10.0787 675.0000 640.0800 152.4000
10734770 361928.7335 3741511.1188 8161.0200 164.5313 135.8133 10.0787 676.0000 640.0800 152.4000
10734770 361812.0100 3741548.3507 8168.6400 164.5313 135.8133 10.0787 677.0000 640.0800 152.4000
10734770 361679.7497 3741585.8096 8183.8800 164.5313 135.8133 10.0787 678.0000 640.0800 152.4000
10734770 361533.4761 3741631.0897 8191.5000 164.5313 135.8133 10.0787 679.0000 640.0800 152.4000
10734770 361432.1882 3741660.9095 8199.1200 164.5313 135.8133 10.0787 680.0000 640.0800 152.4000
10734770 361217.0128 3741728.3516 8214.3600 163.1250 136.3278 10.0787 681.0000 640.0800 152.4000
10734770 361091.8564 3741768.2540 8229.6000 163.1250 136.3278 10.0787 682.0000 640.0800 152.4000
10734770 360942.0506 3741813.1719 8237.2200 163.1250 136.3278 10.0787 683.0000 640.0800 152.4000
10734770 360799.3085 3741857.9890 8252.4600 163.1250 136.3278 10.0787 684.0000 640.0800 152.4000
10734770 360765.5669 3741869.2711 8252.4600 163.1250 136.3278 10.0787 685.0000 640.0800 152.4000
10734770 360731.8252 3741880.5531 8252.4600 163.1250 136.3278 10.0787 686.0000 640.0800 152.4000
10734770 360589.8283 3741927.9011 8267.7000 163.1250 136.3278 10.0787 687.0000 640.0800 152.4000
10734770 360456.0133 3741971.0435 8277.8600 163.1250 136.4993 10.0787 688.0000 640.0800 152.4000
10734770 360322.1983 3742014.1858 8288.0200 163.1250 136.6707 10.0787 689.0000 640.0800 152.4000
10734770 360188.3833 3742057.3282 8298.1800 163.1250 136.8422 10.0787 690.0000 640.0800 152.4000
10734770 360004.9047 3742117.5639 8313.4200 163.1250 136.8422 10.0787 691.0000 640.0800 152.4000
10734770 359862.1337 3742159.8572 8321.0400 163.1250 136.8422 10.0787 692.0000 640.0800 152.4000
10734770 359719.4759 3742209.7670 8336.2800 163.1250 136.8422 10.0787 693.0000 640.0800 152.4000
10734770 359656.2284 3742231.8535 8336.2800 163.1250 136.8422 10.4038 694.0000 640.0800 152.4000
10734770 359514.2421 3742279.2190 8347.7100 163.1250 136.8422 10.2413 695.0000 640.0800 152.4000
10734770 359372.2557 3742326.5845 8359.1400 163.1250 136.8422 10.0787 696.0000 640.0800 152.4000
10734770 359239.4145 3742371.2795 8374.3800 161.7187 137.3567 10.0787 697.0000 640.0800 152.4000
10734770 359097.4689 3742421.1884 8382.0000 161.7187 137.3567 9.7536 698.0000 640.0800 152.4000
10734770 358964.5926 3742463.3493 8389.6200 161.7187 137.3567 9.1034 699.0000 640.0800 152.4000
10734770 358822.2784 3742511.9996 8397.2400 161.7187 137.6139 8.4532 700.0000 640.0800 152.4000
10734770 358679.9643 3742560.6499 8404.8600 161.7187 137.8711 7.8029 701.0000 640.0800 152.4000
10734770 358561.1838 3742600.4920 8412.4800 161.7187 138.3856 7.4778 702.0000 640.0800 152.4000
10734770 358429.0753 3742646.4581 8420.1000 161.7187 138.6428 6.9901 703.0000 640.0800 152.4000
10734770 358296.9669 3742692.4242 8427.7200 161.7187 138.9000 6.5024 704.0000 640.0800 152.4000
10734770 358225.6079 3742714.8530 8427.7200 161.7187 139.1572 6.3399 705.0000 640.0800 152.4000
10734770 358154.2488 3742737.2818 8427.7200 161.7187 139.4144 6.1773 706.0000 640.0800 152.4000
