10934723 417379 3.70008e+06 883.92 160.312 79.7389 0 248.0000 640.0800 152.4000
10934723 417293.1504 3700116.7529 876.3000 160.3125 79.7389 0.0000 249.0000 640.0800 152.4000
10934723 417216.0134 3700136.6270 869.9500 160.3125 79.7389 0.0000 250.0000 640.0800 152.4000
10934723 417138.8763 3700156.5012 863.6000 160.3125 79.7389 0.0000 251.0000 640.0800 152.4000
10934723 417061.7393 3700176.3753 857.2500 160.3125 79.7389 0.0000 252.0000 640.0800 152.4000
10934723 416984.6023 3700196.2495 850.9000 160.3125 79.7389 0.0000 253.0000 640.0800 152.4000
10934723 416907.4653 3700216.1236 844.5500 160.3125 79.7389 0.0000 254.0000 640.0800 152.4000
10934723 416830.3283 3700235.9978 838.2000 160.3125 79.7389 0.0000 255.0000 640.0800 152.4000
10934723 416753.1912 3700255.8719 831.8500 160.3125 79.7389 0.0000 256.0000 640.0800 152.4000
10934723 416676.0542 3700275.7460 825.5000 160.3125 79.7389 0.0000 257.0000 640.0800 152.4000
10934723 416598.9172 3700295.6202 819.1500 160.3125 79.7389 0.0000 258.0000 640.0800 152.4000
10934723 416521.7802 3700315.4943 812.8000 160.3125 79.7389 0.0000 259.0000 640.0800 152.4000
10934723 416444.6431 3700335.3685 806.4500 160.3125 79.7389 0.0000 260.0000 640.0800 152.4000
10934723 416367.5061 3700355.2426 800.1000 160.3125 79.7389 0.0000 261.0000 640.0800 152.4000
10934723 416331.4179 3700358.9558 798.4671 161.5179 79.1877 -0.3019 262.0000 640.0800 152.4000
10934723 416295.3298 3700362.6689 796.8343 162.7232 78.6365 -0.6038 263.0000 640.0800 152.4000
10934723 416259.2416 3700366.3821 795.2014 163.9286 78.0853 -0.9057 264.0000 640.0800 152.4000
10934723 416223.1534 3700370.0952 793.5686 165.1339 77.5341 -1.2076 265.0000 640.0800 152.4000
10934723 416187.0652 3700373.8084 791.9357 166.3393 76.9829 -1.5095 266.0000 640.0800 152.4000
10934723 416150.9771 3700377.5215 790.3029 167.5446 76.4317 -1.8114 267.0000 640.0800 152.4000
10934723 416114.8889 3700381.2347 788.6700 168.7500 75.8805 -2.1133 268.0000 640.0800 152.4000
10934723 416078.8007 3700384.9479 787.0371 169.9554 75.3294 -2.4152 269.0000 640.0800 152.4000
10934723 416042.7126 3700388.6610 785.4043 171.1607 74.7782 -2.7171 270.0000 640.0800 152.4000
10934723 416006.6244 3700392.3742 783.7714 172.3661 74.2270 -3.0190 271.0000 640.0800 152.4000
10934723 415970.5362 3700396.0873 782.1386 173.5714 73.6758 -3.3209 272.0000 640.0800 152.4000
10934723 415934.4480 3700399.8005 780.5057 174.7768 73.1246 -3.6228 273.0000 640.0800 152.4000
10934723 415898.3599 3700403.5136 778.8729 175.9821 72.5734 -3.9247 274.0000 640.0800 152.4000
10934723 415862.2717 3700407.2268 777.2400 177.1875 72.0222 -4.2266 275.0000 640.0800 152.4000
10934723 415357.0373 3700459.2110 754.3800 177.1875 72.0222 -4.2266 276.0000 640.0800 152.4000
10934723 415179.8273 3700470.4934 739.1400 177.1875 72.0222 -4.2266 277.0000 640.0800 152.4000
10934723 415145.7643 3700468.2545 739.1400 177.1875 72.0222 -4.5517 278.0000 640.0800 152.4000
10934723 415040.1595 3700476.3731 731.5200 177.1875 72.0222 -4.5517 279.0000 640.0800 152.4000
10934723 414972.1191 3700481.6243 731.5200 177.1875 72.0222 -4.5517 280.0000 640.0800 152.4000
10934723 414894.1093 3700482.3111 723.9000 177.1875 72.0222 -4.5517 281.0000 640.0800 152.4000
10934723 414790.6099 3700487.8759 723.9000 178.5938 71.5078 -4.2266 282.0000 640.0800 152.4000
10934723 414716.9000 3700493.6020 716.2800 178.5938 71.5078 -3.9014 283.0000 640.0800 152.4000
10934723 414643.1639 3700496.3679 716.2800 178.5938 71.5078 -3.9014 284.0000 640.0800 152.4000
10934723 414608.4253 3700497.9438 712.4700 178.5938 71.5078 -3.9014 285.0000 640.0800 152.4000
10934723 414573.6867 3700499.5197 708.6600 178.5938 71.5078 -3.9014 286.0000 640.0800 152.4000
10934723 414497.8269 3700502.7285 708.6600 178.5938 71.5078 -3.9014 287.0000 640.0800 152.4000
10934723 414393.5962 3700505.7663 701.0400 178.5938 71.5078 -3.5763 288.0000 640.0800 152.4000
10934723 414316.3182 3700508.9891 701.0400 178.5938 71.5078 -3.5763 289.0000 640.0800 152.4000
10934723 414245.4002 3700509.6184 697.2300 178.5938 71.5078 -3.5763 290.0000 640.0800 152.4000
10934723 414174.4823 3700510.2477 693.4200 178.5938 71.5078 -3.5763 291.0000 640.0800 152.4000
10934723 414108.5511 3700513.3714 685.8000 178.5938 72.0222 -3.5763 292.0000 640.0800 152.4000
10934723 414034.8153 3700516.1420 685.8000 178.5938 72.0222 -3.5763 293.0000 640.0800 152.4000
10934723 413931.2751 3700517.0637 678.1800 178.5938 72.0222 -3.9014 294.0000 640.0800 152.4000
10934723 413853.2880 3700520.2965 678.1800 178.5938 72.5367 -3.9014 295.0000 640.0800 152.4000
10934723 413818.5476 3700521.6638 674.3700 178.5938 72.5367 -3.5763 296.0000 640.0800 152.4000
10934723 413783.8072 3700523.0311 670.5600 178.5938 72.5367 -3.2512 297.0000 640.0800 152.4000
10934723 413700.1052 3700521.6633 670.5600 178.5938 72.5367 -3.2512 298.0000 640.0800 152.4000
10934723 413596.6293 3700529.7787 662.9400 178.5938 72.5367 -3.2512 299.0000 640.0800 152.4000
10934723 413522.1655 3700530.4448 662.9400 178.5938 72.5367 -3.5763 300.0000 640.0800 152.4000
10934723 413450.5384 3700531.0860 655.3200 178.5938 72.5367 -3.5763 301.0000 640.0800 152.4000
10934723 413384.5847 3700531.6770 655.3200 180.0000 72.5367 -3.5763 302.0000 640.0800 152.4000
10934723 413310.8301 3700532.3383 647.7000 180.0000 72.5367 -3.5763 303.0000 640.0800 152.4000
10934723 413234.9897 3700537.6718 647.7000 180.0000 73.0511 -3.5763 304.0000 640.0800 152.4000
10934723 413165.4483 3700533.6437 640.0800 180.0000 73.0511 -3.9014 305.0000 640.0800 152.4000
10934723 413087.4804 3700538.9974 640.0800 180.0000 73.0511 -4.2266 306.0000 640.0800 152.4000
10934723 413011.5983 3700539.6802 632.4600 180.0000 73.0511 -3.9014 307.0000 640.0800 152.4000
10934723 412930.0007 3700535.7623 632.4600 180.0000 73.0511 -4.2266 308.0000 640.0800 152.4000
10934723 412852.0329 3700541.1179 624.8400 180.0000 73.0511 -3.9014 309.0000 640.0800 152.4000
10934723 412768.3078 3700537.2205 624.8400 180.0000 73.0511 -3.9014 310.0000 640.0800 152.4000
10934723 412700.9777 3700542.4814 617.2200 180.0000 73.0511 -3.9014 311.0000 640.0800 152.4000
10934723 412627.1810 3700538.4955 617.2200 180.0000 73.0511 -4.2266 312.0000 640.0800 152.4000
10934723 412551.3409 3700543.8344 609.6000 180.0000 73.0511 -4.2266 313.0000 640.0800 152.4000
10934723 412477.6053 3700546.6169 609.6000 180.0000 73.0511 -3.9014 314.0000 640.0800 152.4000
10934723 412399.5764 3700545.2090 601.9800 180.0000 73.0511 -3.5763 315.0000 640.0800 152.4000
10934723 412362.7087 3700546.6008 601.9800 180.0000 72.7939 -3.5763 316.0000 640.0800 152.4000
10934723 412325.8409 3700547.9926 601.9800 180.0000 72.5367 -3.5763 317.0000 640.0800 152.4000
10934723 412244.9944 3700548.7268 598.1700 180.0000 72.5367 -3.4137 318.0000 640.0800 152.4000
10934723 412164.1479 3700549.4610 594.3600 180.0000 72.5367 -3.2512 319.0000 640.0800 152.4000
10934723 412054.2251 3700550.4608 586.7400 180.0000 72.0222 -3.5763 320.0000 640.0800 152.4000
10934723 411976.5930 3700553.7059 582.9300 180.0000 72.0222 -3.5763 321.0000 640.0800 152.4000
10934723 411898.9609 3700556.9510 579.1200 178.5938 72.0222 -3.5763 322.0000 640.0800 152.4000
10934723 411862.7696 3700554.7431 579.1200 178.5938 72.0222 -3.5763 323.0000 640.0800 152.4000
10934723 411783.3646 3700558.0056 579.1200 178.5938 72.0222 -3.5763 324.0000 640.0800 152.4000
10934723 411679.8437 3700561.0661 571.5000 180.0000 72.0222 -3.5763 325.0000 640.0800 152.4000
10934723 411606.0697 3700559.6257 571.5000 180.0000 72.0222 -3.5763 326.0000 640.0800 152.4000
10934723 411530.2068 3700562.4349 563.8800 180.0000 72.0222 -3.5763 327.0000 640.0800 152.4000
10934723 411456.4521 3700563.1107 560.0700 180.0000 72.2794 -3.5763 328.0000 640.0800 152.4000
10934723 411382.6974 3700563.7865 556.2600 180.0000 72.5367 -3.5763 329.0000 640.0800 152.4000
10934723 411343.6828 3700563.0870 556.2600 180.0000 72.5367 -3.5763 330.0000 640.0800 152.4000
10934723 411304.6682 3700562.3875 556.2600 180.0000 72.5367 -3.5763 331.0000 640.0800 152.4000
10934723 411214.5790 3700560.6769 548.6400 180.0000 72.0222 -3.9014 332.0000 640.0800 152.4000
10934723 411142.9751 3700563.8730 541.0200 180.0000 72.0222 -3.9014 333.0000 640.0800 152.4000
10934723 411043.6899 3700564.7864 541.0200 180.0000 72.0222 -3.5763 334.0000 640.0800 152.4000
10934723 410973.4576 3700562.8953 533.4000 180.0000 72.0222 -3.5763 335.0000 640.0800 152.4000
10934723 410897.5987 3700566.1324 533.4000 180.0000 72.0222 -3.5763 336.0000 640.0800 152.4000
10934723 410825.9910 3700568.9079 525.7800 180.0000 72.0222 -3.9014 337.0000 640.0800 152.4000
10934723 410762.1452 3700567.3823 525.7800 180.0000 72.0222 -3.9014 338.0000 640.0800 152.4000
10934723 410678.4814 3700570.2703 518.1600 180.0000 72.0222 -3.9014 339.0000 640.0800 152.4000
10934723 410596.9061 3700568.9097 518.1600 180.0000 72.0222 -3.9014 340.0000 640.0800 152.4000
10934723 410558.6104 3700569.2641 518.1600 180.0000 72.5367 -3.9014 341.0000 640.0800 152.4000
10934723 410455.0699 3700570.2230 510.5400 180.0000 72.5367 -3.5763 342.0000 640.0800 152.4000
10934723 410386.9650 3700568.3164 502.9200 180.0000 72.5367 -3.5763 343.0000 640.0800 152.4000
10934723 410319.6164 3700571.4791 502.9200 180.0000 72.5367 -3.9014 344.0000 640.0800 152.4000
10934723 410243.7104 3700569.6460 502.9200 180.0000 72.5367 -4.2266 345.0000 640.0800 152.4000
10934723 410147.9946 3700573.0734 495.3000 180.0000 72.5367 -4.2266 346.0000 640.0800 152.4000
10934723 410069.9610 3700571.2614 487.6800 180.0000 72.5367 -4.2266 347.0000 640.0800 152.4000
10934723 410001.9032 3700574.4329 487.6800 180.0000 72.0222 -3.9014 348.0000 640.0800 152.4000
10934723 409932.3798 3700572.5428 480.0600 180.0000 72.0222 -3.9014 349.0000 640.0800 152.4000
10934723 409891.6137 3700574.1919 480.0600 180.0000 72.0222 -3.9014 350.0000 640.0800 152.4000
10934723 409850.8476 3700575.8410 480.0600 180.0000 72.0222 -3.9014 351.0000 640.0800 152.4000
10934723 409774.9849 3700578.6639 472.4400 180.0000 71.5078 -4.2266 352.0000 640.0800 152.4000
10934723 409699.0828 3700577.2580 472.4400 178.5938 71.5078 -4.2266 353.0000 640.0800 152.4000
10934723 409625.3477 3700580.0623 464.8200 180.0000 71.5078 -3.9014 354.0000 640.0800 152.4000
10934723 409559.4175 3700583.2170 464.8200 180.0000 71.5078 -3.5763 355.0000 640.0800 152.4000
10934723 409487.7664 3700581.3500 464.8200 180.0000 70.9933 -3.2512 356.0000 640.0800 152.4000
10934723 409404.1068 3700584.6722 457.2000 180.0000 70.9933 -3.4137 357.0000 640.0800 152.4000
10934723 409320.4472 3700587.9945 449.5800 180.0000 70.9933 -3.5763 358.0000 640.0800 152.4000
10934723 409252.3420 3700586.0959 449.5800 180.0000 70.9933 -3.5763 359.0000 640.0800 152.4000
10934723 409176.4834 3700589.3466 449.5800 180.0000 70.9933 -3.5763 360.0000 640.0800 152.4000
10934723 409142.4188 3700587.1288 441.9600 180.0000 70.9933 -3.5763 361.0000 640.0800 152.4000
10934723 409041.4932 3700589.6303 436.8800 180.0000 70.9933 -3.5763 362.0000 640.0800 152.4000
10934723 408940.5676 3700592.1318 431.8000 180.0000 70.9933 -3.5763 363.0000 640.0800 152.4000
10934723 408839.6420 3700594.6333 426.7200 180.0000 70.9933 -3.5763 364.0000 640.0800 152.4000
10934723 408808.4280 3700593.8704 426.7200 180.0000 70.7361 -3.5763 365.0000 640.0800 152.4000
10934723 408777.2141 3700593.1075 426.7200 180.0000 70.4789 -3.5763 366.0000 640.0800 152.4000
10934723 408703.4791 3700595.9188 426.7200 180.0000 70.4789 -3.5763 367.0000 640.0800 152.4000
10934723 408629.7042 3700594.5012 419.1000 180.0000 70.9933 -3.2512 368.0000 640.0800 152.4000
10934723 408564.4795 3700597.2331 419.1000 180.0000 70.9933 -3.5763 369.0000 640.0800 152.4000
10934723 408492.1229 3700595.8031 411.4800 180.0000 70.9933 -3.5763 370.0000 640.0800 152.4000
10934723 408374.3987 3700596.9186 411.4800 180.0000 71.5078 -3.5763 371.0000 640.0800 152.4000
10934723 408320.4888 3700596.1611 407.6700 180.0000 71.5078 -3.5763 372.0000 640.0800 152.4000
10934723 408266.5789 3700595.4036 403.8600 180.0000 71.5078 -3.5763 373.0000 640.0800 152.4000
10934723 408153.1097 3700596.4814 396.2400 180.0000 71.5078 -3.5763 374.0000 640.0800 152.4000
10934723 408087.5103 3700597.1054 392.4300 180.0000 71.7650 -3.5763 375.0000 640.0800 152.4000
10934723 408021.9109 3700597.7294 388.6200 180.0000 72.0222 -3.5763 376.0000 640.0800 152.4000
10934723 407936.0998 3700598.5470 384.8100 180.0000 72.0222 -3.7389 377.0000 640.0800 152.4000
10934723 407850.2886 3700599.3645 381.0000 180.0000 72.0222 -3.9014 378.0000 640.0800 152.4000
