11349796 434711 3.73159e+06 3086.1 -147.656 146.617 -1324.54 2819.0000 640.0800 152.4000
11349796 434564.3831 3731590.1679 1761.5600 -147.6560 146.6170 -1324.5400 2820.0000 640.0800 152.4000
11349796 434711.1822 3731593.1499 3086.1000 -147.6562 146.6167 -1325.1891 2821.0000 640.0800 152.4000
11349796 434327.8117 3731353.4083 3070.8600 -147.6562 146.6167 -1325.1891 2822.0000 640.0800 152.4000
11349796 434327.8117 3731353.4083 3070.8600 -147.6562 145.5878 -1326.8147 2823.0000 640.0800 152.4000
11349796 434182.2240 3731353.6042 1744.0453 -147.6562 145.5878 -1326.8147 2824.0000 640.0800 152.4000
11349796 434036.6364 3731353.8000 417.2306 -147.6562 145.5878 -1326.8147 2825.0000 640.0800 152.4000
11349796 433891.0487 3731353.9959 -909.5841 -147.6562 145.5878 -1326.8147 2826.0000 640.0800 152.4000
11349796 433745.4610 3731354.1917 -2236.3988 -147.6562 145.5878 -1326.8147 2827.0000 640.0800 152.4000
11349796 433609.2913 3730903.6667 3055.6200 -147.6562 145.5878 -1326.8147 2828.0000 640.0800 152.4000
11349796 433609.2913 3730903.6667 3055.6200 -147.6562 145.0733 -1328.7654 2829.0000 640.0800 152.4000
11349796 433609.2913 3730903.6667 3055.6200 -147.6562 144.5589 -1329.0906 2830.0000 640.0800 152.4000
11349796 433146.3544 3730616.7273 3048.0000 -147.6562 144.0444 -1329.4157 2831.0000 640.0800 152.4000
11349796 433018.5548 3730538.9472 3040.3800 -147.6562 144.0444 -1329.4157 2832.0000 640.0800 152.4000
11349796 432934.0460 3730484.9749 3040.3800 -147.6562 144.0444 -1329.7408 2833.0000 640.0800 152.4000
11349796 432934.0460 3730484.9749 3040.3800 -147.6562 143.5300 -1329.7408 2834.0000 640.0800 152.4000
11349796 432678.3901 3730322.6546 3040.3800 -147.6562 143.0156 -1329.4157 2835.0000 640.0800 152.4000
11349796 432549.1539 3730242.7758 3032.7600 -147.6562 142.5011 -1329.4157 2836.0000 640.0800 152.4000
11349796 432406.6529 3730242.9675 1703.3443 -147.6562 142.5011 -1329.4157 2837.0000 640.0800 152.4000
11349796 432448.9999 3730176.6516 3032.7600 -147.6562 142.5011 -1329.4157 2838.0000 640.0800 152.4000
11349796 432213.2578 3730033.2369 3025.1400 -147.6562 142.5011 -1329.0906 2839.0000 640.0800 152.4000
11349796 432085.4277 3729953.3542 3025.1400 -147.6562 142.5011 -1329.0906 2840.0000 640.0800 152.4000
11349796 431963.2664 3729875.5478 3025.1400 -147.6562 141.4722 -1329.0906 2841.0000 640.0800 152.4000
11349796 431856.0194 3729807.3653 3017.5200 -147.6562 140.9578 -1328.7654 2842.0000 640.0800 152.4000
11349796 431760.1161 3729743.7557 3017.5200 -147.6562 140.9578 -1328.7654 2843.0000 640.0800 152.4000
11349796 431760.1161 3729743.7557 3017.5200 -147.6562 140.4433 -1328.7654 2844.0000 640.0800 152.4000
11349796 431628.0362 3729663.9094 3009.9000 -147.6562 139.9289 -1328.4403 2845.0000 640.0800 152.4000
11349796 431628.0362 3729663.9094 3009.9000 -147.6562 139.4144 -1328.4403 2846.0000 640.0800 152.4000
11349796 431280.7017 3729442.6407 3002.2800 -147.6562 139.4144 -1328.4403 2847.0000 640.0800 152.4000
11349796 431154.2851 3729364.8750 3002.2800 -147.6562 139.4144 -1328.4403 2848.0000 640.0800 152.4000
11349796 431056.9616 3729301.7055 2994.6600 -147.6562 138.9000 -1328.1152 2849.0000 640.0800 152.4000
11349796 430930.5077 3729219.2902 2994.6600 -147.6562 138.9000 -1328.1152 2850.0000 640.0800 152.4000
11349796 430806.8797 3729136.8559 2987.0400 -147.6562 137.8711 -1328.1152 2851.0000 640.0800 152.4000
11349796 430669.0087 3729137.0414 1658.9248 -147.6562 137.8711 -1328.1152 2852.0000 640.0800 152.4000
11349796 430610.8203 3729012.2271 2987.0400 -147.6562 137.8711 -1328.1152 2853.0000 640.0800 152.4000
11349796 430487.2206 3728934.4495 2979.4200 -147.6562 137.8711 -1328.1152 2854.0000 640.0800 152.4000
11349796 430487.2206 3728934.4495 2979.4200 -147.6562 136.8422 -1328.4403 2855.0000 640.0800 152.4000
11349796 430193.8148 3728746.2433 2971.8000 -147.6562 136.8422 -1328.4403 2856.0000 640.0800 152.4000
11349796 430056.9727 3728746.4274 1643.3597 -147.6562 136.8422 -1328.4403 2857.0000 640.0800 152.4000
11349796 429920.1306 3728746.6115 314.9194 -147.6562 136.8422 -1328.4403 2858.0000 640.0800 152.4000
11349796 429853.4842 3728524.9742 2964.1800 -147.6562 136.8422 -1328.4403 2859.0000 640.0800 152.4000
11349796 429716.6421 3728525.1583 1635.7397 -147.6562 136.8422 -1328.4403 2860.0000 640.0800 152.4000
11349796 429579.8000 3728525.3424 307.2994 -147.6562 136.8422 -1328.4403 2861.0000 640.0800 152.4000
11349796 429442.9580 3728525.5265 -1021.1409 -147.6562 136.8422 -1328.4403 2862.0000 640.0800 152.4000
11349796 429306.1159 3728525.7106 -2349.5812 -147.6562 136.8422 -1328.4403 2863.0000 640.0800 152.4000
11349796 429169.2738 3728525.8947 -3678.0215 -147.6562 136.8422 -1328.4403 2864.0000 640.0800 152.4000
11349796 429032.4317 3728526.0787 -5006.4618 -147.6562 136.8422 -1328.4403 2865.0000 640.0800 152.4000
11349796 428895.5897 3728526.2628 -6334.9021 -147.6562 136.8422 -1328.4403 2866.0000 640.0800 152.4000
11349796 428758.7476 3728526.4469 -7663.3424 -147.6562 136.8422 -1328.4403 2867.0000 640.0800 152.4000
11349796 428621.9055 3728526.6310 -8991.7827 -147.6562 136.8422 -1328.4403 2868.0000 640.0800 152.4000
11349796 428485.0634 3728526.8151 -10320.2230 -147.6562 136.8422 -1328.4403 2869.0000 640.0800 152.4000
11349796 428348.2214 3728526.9992 -11648.6633 -147.6562 136.8422 -1328.4403 2870.0000 640.0800 152.4000
11349796 428211.3793 3728527.1833 -12977.1036 -147.6562 136.8422 -1328.4403 2871.0000 640.0800 152.4000
11349796 428074.5372 3728527.3674 -14305.5439 -147.6562 136.8422 -1328.4403 2872.0000 640.0800 152.4000
11349796 427937.6951 3728527.5515 -15633.9842 -147.6562 136.8422 -1328.4403 2873.0000 640.0800 152.4000
11349796 427800.8531 3728527.7356 -16962.4245 -147.6562 136.8422 -1328.4403 2874.0000 640.0800 152.4000
11349796 427664.0110 3728527.9197 -18290.8648 -147.6562 136.8422 -1328.4403 2875.0000 640.0800 152.4000
11349796 427527.1689 3728528.1038 -19619.3051 -147.6562 136.8422 -1328.4403 2876.0000 640.0800 152.4000
11349796 427390.3268 3728528.2878 -20947.7454 -147.6562 136.8422 -1328.4403 2877.0000 640.0800 152.4000
11349796 427253.4848 3728528.4719 -22276.1857 -147.6562 136.8422 -1328.4403 2878.0000 640.0800 152.4000
11349796 427116.6427 3728528.6560 -23604.6260 -147.6562 136.8422 -1328.4403 2879.0000 640.0800 152.4000
11349796 426979.8006 3728528.8401 -24933.0663 -147.6562 136.8422 -1328.4403 2880.0000 640.0800 152.4000
11349796 426842.9585 3728529.0242 -26261.5066 -147.6562 136.8422 -1328.4403 2881.0000 640.0800 152.4000
11349796 426706.1164 3728529.2083 -27589.9469 -147.6562 136.8422 -1328.4403 2882.0000 640.0800 152.4000
11349796 429853.4842 3728524.9742 2964.1800 -146.2500 127.0678 -1328.7654 2883.0000 640.0800 152.4000
11349796 429832.4950 3728399.6519 1635.4146 -146.2500 127.0678 -1328.7654 2884.0000 640.0800 152.4000
11349796 427011.6782 3726692.7050 2903.2200 -146.2500 126.5533 -1329.0906 2885.0000 640.0800 152.4000
11349796 426915.7304 3726631.6810 2895.6000 -146.2500 126.0389 -1329.4157 2886.0000 640.0800 152.4000
11349796 426831.8044 3726570.5661 2895.6000 -146.2500 125.5244 -1329.4157 2887.0000 640.0800 152.4000
11349796 426719.5130 3726499.9403 2895.6000 -146.2500 125.5244 -1329.4157 2888.0000 640.0800 152.4000
11349796 426607.8916 3726424.6578 2887.9800 -146.2500 125.0100 -1329.4157 2889.0000 640.0800 152.4000
11349796 426516.2015 3726366.1430 2887.9800 -146.2500 124.4956 -1329.4157 2890.0000 640.0800 152.4000
11349796 426432.3064 3726309.6841 2887.9800 -146.2500 124.4956 -1329.4157 2891.0000 640.0800 152.4000
11349796 426335.6404 3726248.2483 2880.3600 -146.2500 124.4956 -1329.4157 2892.0000 640.0800 152.4000
11349796 426315.0761 3726125.4629 1550.9443 -146.2500 124.4956 -1329.4157 2893.0000 640.0800 152.4000
11349796 426032.0758 3726048.4010 2880.3600 -146.2500 123.4667 -1329.4157 2894.0000 640.0800 152.4000
11349796 426011.6814 3725926.6303 1550.9443 -146.2500 123.4667 -1329.4157 2895.0000 640.0800 152.4000
11349796 425924.0161 3725977.7516 2872.7400 -146.2500 123.4667 -1329.4157 2896.0000 640.0800 152.4000
11349796 425856.4767 3725933.4377 2872.7400 -146.2500 123.4667 -1329.0906 2897.0000 640.0800 152.4000
11349796 425749.8289 3725862.7792 2872.7400 -146.2500 122.9522 -1329.0906 2898.0000 640.0800 152.4000
11349796 425636.0868 3725789.6391 2872.7400 -146.2500 122.9522 -1329.0906 2899.0000 640.0800 152.4000
11349796 425615.7774 3725668.3759 1543.6494 -146.2500 122.9522 -1329.0906 2900.0000 640.0800 152.4000
11349796 425595.4680 3725547.1126 214.5588 -146.2500 122.9522 -1329.0906 2901.0000 640.0800 152.4000
11349796 425575.1587 3725425.8494 -1114.5318 -146.2500 122.9522 -1329.0906 2902.0000 640.0800 152.4000
11349796 425554.8493 3725304.5862 -2443.6224 -146.2500 122.9522 -1329.0906 2903.0000 640.0800 152.4000
11349796 425534.5399 3725183.3229 -3772.7130 -146.2500 122.9522 -1329.0906 2904.0000 640.0800 152.4000
11349796 425514.2305 3725062.0597 -5101.8036 -146.2500 122.9522 -1329.0906 2905.0000 640.0800 152.4000
11349796 425493.9212 3724940.7964 -6430.8942 -146.2500 122.9522 -1329.0906 2906.0000 640.0800 152.4000
11349796 425473.6118 3724819.5332 -7759.9848 -146.2500 122.9522 -1329.0906 2907.0000 640.0800 152.4000
11349796 425453.3024 3724698.2700 -9089.0754 -146.2500 122.9522 -1329.0906 2908.0000 640.0800 152.4000
11349796 425432.9930 3724577.0067 -10418.1660 -146.2500 122.9522 -1329.0906 2909.0000 640.0800 152.4000
11349796 424482.2669 3725054.2094 2842.2600 -147.6562 120.3800 -1329.0906 2910.0000 640.0800 152.4000
11349796 424268.2423 3724915.4672 2834.6400 -147.6562 120.3800 -1329.0906 2911.0000 640.0800 152.4000
11349796 424200.7043 3724873.2795 2834.6400 -147.6562 120.3800 -1329.0906 2912.0000 640.0800 152.4000
11349796 424090.5155 3724805.2050 2834.6400 -147.6562 120.3800 -1329.0906 2913.0000 640.0800 152.4000
11349796 423962.5433 3724725.0061 2834.6400 -147.6562 119.8656 -1329.0906 2914.0000 640.0800 152.4000
11349796 423842.6778 3724725.1674 1505.5494 -147.6562 119.8656 -1329.0906 2915.0000 640.0800 152.4000
11349796 423980.3051 3724734.5939 2827.0200 -147.6562 119.3511 -1329.0906 2916.0000 640.0800 152.4000
11349796 423860.9541 3724734.7545 1497.9294 -147.6562 119.3511 -1329.0906 2917.0000 640.0800 152.4000
11349796 423642.5729 3724520.7098 2827.0200 -147.6562 119.3511 -1329.0906 2918.0000 640.0800 152.4000
11349796 423578.5832 3724480.6131 2819.4000 -147.6562 119.3511 -1329.0906 2919.0000 640.0800 152.4000
11349796 423472.6299 3724412.5117 2819.4000 -147.6562 119.3511 -1329.0906 2920.0000 640.0800 152.4000
11349796 423353.2789 3724412.6723 1490.3094 -147.6562 119.3511 -1329.0906 2921.0000 640.0800 152.4000
11349796 423258.6166 3724278.8671 2811.7800 -147.6562 118.8367 -1329.0906 2922.0000 640.0800 152.4000
11349796 423172.5411 3724219.9155 2811.7800 -147.6562 118.8367 -1329.0906 2923.0000 640.0800 152.4000
11349796 423044.5363 3724137.6139 2811.7800 -147.6562 118.8367 -1329.0906 2924.0000 640.0800 152.4000
11349796 423040.9991 3724137.6423 2804.1600 -147.6562 118.8367 -1329.0906 2925.0000 640.0800 152.4000
11349796 422852.5367 3724015.6450 2804.1600 -147.6562 118.8367 -1329.0906 2926.0000 640.0800 152.4000
11349796 422768.6366 3723963.8702 2804.1600 -147.6562 118.8367 -1329.0906 2927.0000 640.0800 152.4000
11349796 422658.4270 3723895.8118 2804.1600 -147.6562 118.8367 -1329.4157 2928.0000 640.0800 152.4000
11349796 422576.6266 3723841.4838 2796.5400 -147.6562 118.8367 -1329.4157 2929.0000 640.0800 152.4000
11349796 422464.9821 3723771.3242 2796.5400 -147.6562 118.8367 -1329.0906 2930.0000 640.0800 152.4000
11349796 422356.9076 3723705.3669 2796.5400 -147.6562 118.8367 -1329.0906 2931.0000 640.0800 152.4000
11349796 422238.0710 3723705.5268 1467.4494 -147.6562 118.8367 -1329.0906 2932.0000 640.0800 152.4000
11349796 422062.4544 3723515.2967 2788.9200 -147.6562 118.8367 -1329.0906 2933.0000 640.0800 152.4000
11349796 421943.6178 3723515.4566 1459.8294 -147.6562 118.8367 -1329.0906 2934.0000 640.0800 152.4000
11349796 421824.7812 3723515.6164 130.7388 -147.6562 118.8367 -1329.0906 2935.0000 640.0800 152.4000
11349796 421705.9446 3723515.7763 -1198.3518 -147.6562 118.8367 -1329.0906 2936.0000 640.0800 152.4000
11349796 421587.1080 3723515.9362 -2527.4424 -147.6562 118.8367 -1329.0906 2937.0000 640.0800 152.4000
11349796 421468.2714 3723516.0960 -3856.5330 -147.6562 118.8367 -1329.0906 2938.0000 640.0800 152.4000
11349796 421349.4348 3723516.2559 -5185.6236 -147.6562 118.8367 -1329.0906 2939.0000 640.0800 152.4000
11349796 421230.5983 3723516.4158 -6514.7142 -147.6562 118.8367 -1329.0906 2940.0000 640.0800 152.4000
11349796 421111.7617 3723516.5756 -7843.8048 -147.6562 118.8367 -1329.0906 2941.0000 640.0800 152.4000
11349796 420992.9251 3723516.7355 -9172.8954 -147.6562 118.8367 -1329.0906 2942.0000 640.0800 152.4000
11349796 420874.0885 3723516.8954 -10501.9860 -147.6562 118.8367 -1329.0906 2943.0000 640.0800 152.4000
11349796 420755.2519 3723517.0553 -11831.0766 -147.6562 118.8367 -1329.0906 2944.0000 640.0800 152.4000
11349796 420636.4153 3723517.2151 -13160.1672 -147.6562 118.8367 -1329.0906 2945.0000 640.0800 152.4000
11349796 420517.5787 3723517.3750 -14489.2578 -147.6562 118.8367 -1329.0906 2946.0000 640.0800 152.4000
11349796 420398.7421 3723517.5349 -15818.3484 -147.6562 118.8367 -1329.0906 2947.0000 640.0800 152.4000
11349796 422062.4544 3723515.2967 2788.9200 -147.6562 118.3222 -1330.7162 2948.0000 640.0800 152.4000
11349796 420506.2123 3722528.5504 2766.0600 -147.6562 118.3222 -1331.0413 2949.0000 640.0800 152.4000
11349796 420404.4604 3722460.4471 2766.0600 -147.6562 118.3222 -1331.0413 2950.0000 640.0800 152.4000
11349796 420318.3718 3722404.0584 2766.0600 -147.6562 118.3222 -1331.0413 2951.0000 640.0800 152.4000
11349796 420200.0497 3722404.2176 1435.0187 -147.6562 118.3222 -1331.0413 2952.0000 640.0800 152.4000
11349796 420104.2478 3722267.9452 2766.0600 -146.2500 118.3222 -1331.3664 2953.0000 640.0800 152.4000
11349796 420084.7032 3722151.2484 1434.6936 -146.2500 118.3222 -1331.3664 2954.0000 640.0800 152.4000
11349796 420020.3172 3722216.1940 2766.0600 -146.2500 118.3222 -1331.3664 2955.0000 640.0800 152.4000
11349796 419935.6393 3722159.7969 2766.0600 -146.2500 118.3222 -1331.3664 2956.0000 640.0800 152.4000
11349796 419916.0947 3722043.1001 1434.6936 -146.2500 118.3222 -1331.3664 2957.0000 640.0800 152.4000
11349796 419615.5136 3721957.7473 2766.0600 -146.2500 118.3222 -1331.3664 2958.0000 640.0800 152.4000
11349796 419487.4474 3721875.4924 2766.0600 -146.2500 118.3222 -1331.3664 2959.0000 640.0800 152.4000
11349796 419403.4923 3721821.6317 2766.0600 -146.2500 118.3222 -1331.3664 2960.0000 640.0800 152.4000
11349796 419383.9477 3721704.9349 1434.6936 -146.2500 118.3222 -1331.3664 2961.0000 640.0800 152.4000
11349796 419229.8968 3721711.4224 2766.0600 -146.2500 118.3222 -1331.3664 2962.0000 640.0800 152.4000
11349796 419129.5601 3721645.4352 2766.0600 -146.2500 118.3222 -1331.3664 2963.0000 640.0800 152.4000
11349796 419041.3123 3721586.5379 2766.0600 -147.6562 118.3222 0.0000 2964.0000 640.0800 152.4000
11349796 418869.1629 3721480.9756 2766.0600 -147.6562 118.3222 0.0000 2965.0000 640.0800 152.4000
11349796 418783.0779 3721427.1382 2766.0600 -147.6562 118.8367 -1331.3664 2966.0000 640.0800 152.4000
11349796 418681.3198 3721361.1677 2758.4400 -147.6562 118.8367 -1331.3664 2967.0000 640.0800 152.4000
11349796 418562.4832 3721361.3276 1427.0736 -147.6562 118.8367 -1331.3664 2968.0000 640.0800 152.4000
11349796 418593.0487 3721300.1596 2758.4400 -147.6562 118.8367 -1331.3664 2969.0000 640.0800 152.4000
11349796 418489.2081 3721239.2846 2758.4400 -147.6562 118.8367 -1331.3664 2970.0000 640.0800 152.4000
11349796 418398.8296 3721180.4111 2758.4400 -147.6562 118.8367 -1331.3664 2971.0000 640.0800 152.4000
11349796 418279.9930 3721180.5710 1427.0736 -147.6562 118.8367 -1331.3664 2972.0000 640.0800 152.4000
11349796 418265.0632 3721096.1055 2758.4400 -147.6562 118.8367 0.0000 2973.0000 640.0800 152.4000
11349796 418104.9663 3720995.1068 2758.4400 -147.6562 118.8367 0.0000 2974.0000 640.0800 152.4000
11349796 417929.1959 3720882.4009 2758.4400 -147.6562 118.8367 0.0000 2975.0000 640.0800 152.4000
11349796 417848.7797 3720830.6381 2758.4400 -146.2500 118.3222 0.0000 2976.0000 640.0800 152.4000
11349796 417829.2351 3720713.9413 2758.4400 -146.2500 118.3222 0.0000 2977.0000 640.0800 152.4000
11349796 417630.3386 3720694.6155 2758.4400 -146.2500 118.3222 0.0000 2978.0000 640.0800 152.4000
11349796 417504.3832 3720614.9060 2758.4400 -146.2500 118.3222 0.0000 2979.0000 640.0800 152.4000
11349796 417422.4850 3720555.9686 2758.4400 -146.2500 118.3222 0.0000 2980.0000 640.0800 152.4000
11349796 417336.4016 3720504.2587 2758.4400 -147.6562 118.8367 0.0000 2981.0000 640.0800 152.4000
11349796 417228.2178 3720434.1285 2758.4400 -147.6562 118.8367 0.0000 2982.0000 640.0800 152.4000
11349796 417166.2966 3720394.0556 2758.4400 -147.6562 118.8367 0.0000 2983.0000 640.0800 152.4000
11349796 416991.9414 3720283.8921 2758.4400 -147.6562 118.8367 0.0000 2984.0000 640.0800 152.4000
11349796 416888.0135 3720215.4208 2758.4400 -147.6562 118.8367 0.0000 2985.0000 640.0800 152.4000
11349796 416823.9480 3720173.2536 2766.0600 -146.2500 119.3511 0.0000 2986.0000 640.0800 152.4000
11349796 416715.7750 3720105.2438 2758.4400 -146.2500 119.3511 0.0000 2987.0000 640.0800 152.4000
11349796 416705.8447 3720102.7921 2758.4400 -146.2500 119.3511 0.0000 2988.0000 640.0800 152.4000
11349796 416521.4894 3719983.4178 2758.4400 -146.2500 119.3511 0.0000 2989.0000 640.0800 152.4000
11349796 416437.4970 3719929.1596 2758.4400 -146.2500 119.3511 0.0000 2990.0000 640.0800 152.4000
11349796 416265.2481 3719818.9906 2758.4400 -146.2500 119.3511 0.0000 2991.0000 640.0800 152.4000
11349796 416245.5336 3719701.2790 2758.4400 -146.2500 119.3511 0.0000 2992.0000 640.0800 152.4000
11349796 416203.3189 3719778.9237 2758.4400 -146.2500 119.3511 0.0000 2993.0000 640.0800 152.4000
11349796 416055.2321 3719680.3913 2758.4400 -146.2500 119.3511 0.0000 2994.0000 640.0800 152.4000
11349796 415964.8460 3719624.0780 2758.4400 -146.2500 119.3511 0.0000 2995.0000 640.0800 152.4000
11349796 415983.3294 3719633.2221 2758.4400 -146.2500 119.3511 0.0000 2996.0000 640.0800 152.4000
11349796 415734.9181 3719475.9310 2766.0600 -146.2500 119.3511 0.0000 2997.0000 640.0800 152.4000
11349796 415715.2036 3719358.2194 2766.0600 -146.2500 119.3511 0.0000 2998.0000 640.0800 152.4000
11349796 415542.7305 3719354.1057 2766.0600 -146.2500 119.3511 0.0000 2999.0000 640.0800 152.4000
11349796 415476.5298 3719311.9660 2766.0600 -146.2500 119.3511 0.3251 3000.0000 640.0800 152.4000
11349796 415280.7517 3719185.1015 2766.0600 -146.2500 119.3511 0.3251 3001.0000 640.0800 152.4000
11349796 415194.6442 3719133.4105 2766.0600 -146.2500 119.3511 0.3251 3002.0000 640.0800 152.4000
11349796 415088.5487 3719062.8623 2766.0600 -146.2500 119.3511 0.3251 3003.0000 640.0800 152.4000
11349796 415084.2607 3719058.2472 2766.0600 -146.2500 119.3511 0.0000 3004.0000 640.0800 152.4000
11349796 414896.3444 3718941.0497 2766.0600 -146.2500 119.3511 0.0000 3005.0000 640.0800 152.4000
11349796 414876.6299 3718823.3381 2766.0600 -146.2500 119.3511 0.0000 3006.0000 640.0800 152.4000
11349796 414811.6070 3718884.6969 2766.0600 -146.2500 119.3511 0.3251 3007.0000 640.0800 152.4000
11349796 414707.6519 3718816.6717 2766.0600 -146.2500 119.3511 0.0000 3008.0000 640.0800 152.4000
11349796 414575.9391 3718731.9747 2766.0600 -146.2500 119.3511 0.0000 3009.0000 640.0800 152.4000
11349796 414556.2246 3718614.2631 2766.0600 -146.2500 119.3511 0.0000 3010.0000 640.0800 152.4000
11349796 414341.7021 3718581.7833 2766.0600 -146.2500 119.8656 -1331.3664 3011.0000 640.0800 152.4000
11349796 414357.3615 3718591.3725 2766.0600 -146.2500 119.8656 -1331.3664 3012.0000 640.0800 152.4000
11349796 414337.5620 3718473.1535 1434.6936 -146.2500 119.8656 -1331.3664 3013.0000 640.0800 152.4000
11349796 414317.7624 3718354.9344 103.3272 -146.2500 119.8656 -1331.3664 3014.0000 640.0800 152.4000
11349796 413955.1037 3718335.6726 2758.4400 -147.6562 120.3800 -1329.0906 3015.0000 640.0800 152.4000
11349796 413844.7428 3718265.1758 2750.8200 -147.6562 120.3800 -1329.0906 3016.0000 640.0800 152.4000
11349796 413724.3629 3718265.3377 1421.7294 -147.6562 120.3800 -1329.0906 3017.0000 640.0800 152.4000
11349796 413603.9830 3718265.4997 92.6388 -147.6562 120.3800 -1329.0906 3018.0000 640.0800 152.4000
11349796 413452.4746 3718021.2505 2727.9600 -147.6562 120.3800 -1329.0906 3019.0000 640.0800 152.4000
11349796 413444.6878 3718021.3206 2720.3400 -147.6562 120.8944 -1325.5142 3020.0000 640.0800 152.4000
11349796 413253.8763 3717901.6423 2720.3400 -147.6562 121.4089 -1325.1891 3021.0000 640.0800 152.4000
11349796 413132.4675 3717901.8056 1395.1509 -147.6562 121.4089 -1325.1891 3022.0000 640.0800 152.4000
11349796 413164.1645 3717845.3485 2712.7200 -147.6562 121.4089 -1324.8640 3023.0000 640.0800 152.4000
11349796 413053.8151 3717777.3985 2705.1000 -147.6562 121.4089 -1324.8640 3024.0000 640.0800 152.4000
11349796 412965.5589 3717725.7462 2697.4800 -147.6562 121.4089 -1324.8640 3025.0000 640.0800 152.4000
11349796 412857.9961 3717653.1202 2689.8600 -147.6562 120.8944 -1324.8640 3026.0000 640.0800 152.4000
11349796 412745.5837 3717592.3831 2689.8600 -147.6562 120.8944 -1324.8640 3027.0000 640.0800 152.4000
11349796 412568.9982 3717481.8947 2674.6200 -147.6562 120.8944 -1324.8640 3028.0000 640.0800 152.4000
11349796 412457.2475 3717416.5020 2667.0000 -149.0625 121.4089 -1325.5142 3029.0000 640.0800 152.4000
11349796 412349.0118 3717348.5405 2667.0000 -149.0625 121.4089 -1325.8394 3030.0000 640.0800 152.4000
11349796 412237.2542 3717282.7274 2659.3800 -149.0625 121.4089 -1325.8394 3031.0000 640.0800 152.4000
11349796 412217.5340 3717402.5240 1333.5406 -149.0625 121.4089 -1325.8394 3032.0000 640.0800 152.4000
11349796 412171.0670 3717245.2625 2651.7600 -149.0625 120.8944 -1325.8394 3033.0000 640.0800 152.4000
11349796 412060.7034 3717177.3236 2651.7600 -149.0625 120.8944 -1326.1645 3034.0000 640.0800 152.4000
11349796 411888.3965 3717071.8841 2636.5200 -149.0625 120.8944 -1326.1645 3035.0000 640.0800 152.4000
11349796 411888.3965 3717071.8841 2636.5200 -149.0625 120.8944 -1326.4896 3036.0000 640.0800 152.4000
11349796 411814.3528 3717027.3028 2628.9000 -147.6562 120.3800 -1326.4896 3037.0000 640.0800 152.4000
11349796 411558.0827 3716877.3793 2628.9000 -147.6562 120.3800 -1326.8147 3038.0000 640.0800 152.4000
11349796 411448.3756 3716804.7882 2621.2800 -147.6562 120.3800 -1326.8147 3039.0000 640.0800 152.4000
11349796 411338.0447 3716741.5100 2613.6600 -147.6562 119.8656 -1326.8147 3040.0000 640.0800 152.4000
11349796 411298.1317 3716713.1146 2613.6600 -149.0625 119.8656 -1327.1398 3041.0000 640.0800 152.4000
11349796 411187.7558 3716645.1855 2613.6600 -149.0625 119.8656 -1327.1398 3042.0000 640.0800 152.4000
11349796 411168.2862 3716763.4593 1286.5202 -149.0625 119.8656 -1327.1398 3043.0000 640.0800 152.4000
11349796 411148.8167 3716881.7332 -40.6196 -149.0625 119.8656 -1327.1398 3044.0000 640.0800 152.4000
11349796 410941.4442 3716502.3769 2598.4200 -149.0625 119.8656 -1327.1398 3045.0000 640.0800 152.4000
11349796 410838.8945 3716439.0322 2598.4200 -147.6562 119.3511 -1327.4650 3046.0000 640.0800 152.4000
11349796 410682.9788 3716347.8434 2590.8000 -149.0625 118.8367 -1327.4650 3047.0000 640.0800 152.4000
11349796 410551.2195 3716265.7383 2583.1800 -149.0625 118.8367 -1327.4650 3048.0000 640.0800 152.4000
11349796 410444.4165 3716202.4372 2583.1800 -149.0625 118.8367 -1327.4650 3049.0000 640.0800 152.4000
11349796 410360.3797 3716150.7688 2575.5600 -149.0625 118.8367 -1327.4650 3050.0000 640.0800 152.4000
11349796 410230.7391 3716068.6482 2575.5600 -149.0625 118.8367 -1327.7901 3051.0000 640.0800 152.4000
11349796 410144.5797 3716017.4245 2567.9400 -149.0625 118.8367 -1327.7901 3052.0000 640.0800 152.4000
11349796 410136.0832 3716017.5039 2567.9400 -147.6562 118.3222 -1327.7901 3053.0000 640.0800 152.4000
11349796 409926.0049 3715890.8787 2560.3200 -147.6562 118.3222 -1327.7901 3054.0000 640.0800 152.4000
11349796 409817.7337 3715822.9452 2560.3200 -147.6562 118.3222 -1327.4650 3055.0000 640.0800 152.4000
11349796 409711.6487 3715761.7602 2552.7000 -147.6562 118.3222 -1327.4650 3056.0000 640.0800 152.4000
11349796 409621.2115 3715708.0433 2552.7000 -147.6562 118.3222 -1327.4650 3057.0000 640.0800 152.4000
11349796 409513.6003 3715635.4538 2545.0800 -147.6562 118.3222 -1327.4650 3058.0000 640.0800 152.4000
11349796 409386.8455 3715560.5080 2545.0800 -147.6562 118.3222 -1327.4650 3059.0000 640.0800 152.4000
11349796 409268.5234 3715560.6672 1217.6150 -147.6562 118.3222 -1327.4650 3060.0000 640.0800 152.4000
11349796 409150.2013 3715560.8264 -109.8500 -147.6562 118.3222 -1327.4650 3061.0000 640.0800 152.4000
11349796 409080.6149 3715377.7026 2529.8400 -147.6562 118.3222 -1327.1398 3062.0000 640.0800 152.4000
11349796 408994.4391 3715326.0660 2522.2200 -147.6562 118.3222 -1326.8147 3063.0000 640.0800 152.4000
11349796 408840.6116 3715234.8865 2514.6000 -147.6562 118.8367 -1326.8147 3064.0000 640.0800 152.4000
11349796 408760.0980 3715183.1983 2514.6000 -147.6562 118.8367 -1326.8147 3065.0000 640.0800 152.4000
11349796 408670.3339 3715126.9456 2506.9800 -147.6562 118.8367 -1326.8147 3066.0000 640.0800 152.4000
11349796 408539.9807 3715047.3917 2506.9800 -147.6562 118.8367 -1326.8147 3067.0000 640.0800 152.4000
11349796 408421.1441 3715047.5516 1180.1653 -147.6562 118.8367 -1326.8147 3068.0000 640.0800 152.4000
11349796 408535.7078 3715044.8944 2499.3600 -147.6562 118.8367 -1326.8147 3069.0000 640.0800 152.4000
11349796 408345.5514 3714932.4951 2491.7400 -147.6562 118.8367 -1326.8147 3070.0000 640.0800 152.4000
11349796 408237.3023 3714869.2316 2491.7400 -147.6562 118.8367 -1326.8147 3071.0000 640.0800 152.4000
11349796 408109.0422 3714787.1254 2484.1200 -147.6562 118.3222 -1326.8147 3072.0000 640.0800 152.4000
11349796 408020.6908 3714731.2880 2476.5000 -147.6562 118.3222 -1326.8147 3073.0000 640.0800 152.4000
11349796 407916.7064 3714670.1022 2476.5000 -147.6562 118.3222 -1326.8147 3074.0000 640.0800 152.4000
11349796 407806.2825 3714602.2111 2468.8800 -147.6562 118.3222 -1326.8147 3075.0000 640.0800 152.4000
11349796 407838.4007 3714628.1293 2468.8800 -147.6562 118.3222 -1326.8147 3076.0000 640.0800 152.4000
11349796 407628.2163 3714496.9007 2461.2600 -147.6562 118.3222 -1326.8147 3077.0000 640.0800 152.4000
11349796 407477.9235 3714407.8233 2453.6400 -147.6562 118.3222 -1326.8147 3078.0000 640.0800 152.4000
11349796 407359.6014 3714407.9825 1126.8253 -147.6562 118.3222 -1326.8147 3079.0000 640.0800 152.4000
11349796 407283.4029 3714286.1803 2446.0200 -147.6562 118.3222 -1326.8147 3080.0000 640.0800 152.4000
11349796 407157.3206 3714211.2564 2438.4000 -147.6562 118.3222 -1327.1398 3081.0000 640.0800 152.4000
11349796 407073.2237 3714157.0785 2438.4000 -147.6562 118.3222 -1327.1398 3082.0000 640.0800 152.4000
11349796 406959.2714 3714091.7689 2430.7800 -147.6562 118.3222 -1327.1398 3083.0000 640.0800 152.4000
11349796 406954.9527 3714084.6197 2430.7800 -147.6562 118.3222 -1327.1398 3084.0000 640.0800 152.4000
11349796 406764.8033 3713976.9036 2423.1600 -147.6562 118.3222 -1327.1398 3085.0000 640.0800 152.4000
11349796 406618.6982 3713883.1456 2415.5400 -147.6562 118.3222 -1327.1398 3086.0000 640.0800 152.4000
11349796 406508.2805 3713817.8068 2415.5400 -147.6562 118.3222 -1327.1398 3087.0000 640.0800 152.4000
11349796 406389.9584 3713817.9660 1088.4002 -147.6562 118.3222 -1327.1398 3088.0000 640.0800 152.4000
11349796 406419.9518 3713766.2135 2407.9200 -147.6562 118.3222 -1327.1398 3089.0000 640.0800 152.4000
11349796 406309.5520 3713702.9918 2407.9200 -147.6562 118.3222 -1327.1398 3090.0000 640.0800 152.4000
11349796 406201.9135 3713632.5535 2400.3000 -147.6562 118.3222 -1327.1398 3091.0000 640.0800 152.4000
11349796 406221.8387 3713642.0882 2400.3000 -147.6562 118.3222 -1327.1398 3092.0000 640.0800 152.4000
11349796 406051.5729 3713541.3830 2392.6800 -147.6562 118.3222 -1327.1398 3093.0000 640.0800 152.4000
11349796 405933.2508 3713541.5422 1065.5402 -147.6562 118.3222 -1327.1398 3094.0000 640.0800 152.4000
11349796 405774.4169 3713375.3157 2385.0600 -147.6562 117.8078 -1327.1398 3095.0000 640.0800 152.4000
11349796 405666.7956 3713307.4209 2377.4400 -147.6562 117.8078 -1327.1398 3096.0000 640.0800 152.4000
11349796 405554.2357 3713241.6908 2377.4400 -147.6562 117.8078 -1327.4650 3097.0000 640.0800 152.4000
11349796 405472.2958 3713192.5812 2369.8200 -147.6562 117.8078 -1327.4650 3098.0000 640.0800 152.4000
11349796 405341.8892 3713113.0697 2362.2000 -147.6562 117.8078 -1327.1398 3099.0000 640.0800 152.4000
11349796 405336.1524 3713105.9351 2362.2000 -147.6562 117.8078 -1327.1398 3100.0000 640.0800 152.4000
11349796 405147.3357 3712993.5838 2354.5800 -147.6562 117.8078 -1327.1398 3101.0000 640.0800 152.4000
11349796 405041.1430 3712927.7967 2354.5800 -147.6562 117.8078 -1327.1398 3102.0000 640.0800 152.4000
11349796 404939.2028 3712862.3918 2346.9600 -147.6562 117.8078 -1327.1398 3103.0000 640.0800 152.4000
11349796 404848.7318 3712810.8336 2346.9600 -147.6562 117.8078 -1327.1398 3104.0000 640.0800 152.4000
11349796 404698.3652 3712719.6838 2339.3400 -147.6562 117.8078 -1327.1398 3105.0000 640.0800 152.4000
11349796 404580.5575 3712719.8423 1012.2002 -147.6562 117.8078 -1327.1398 3106.0000 640.0800 152.4000
11349796 404588.6249 3712653.9367 2331.7200 -147.6562 117.8078 -1327.1398 3107.0000 640.0800 152.4000
11349796 404530.1916 3712618.9839 2331.7200 -147.6562 117.8078 -1327.1398 3108.0000 640.0800 152.4000
11349796 404438.2533 3712562.7909 2331.7200 -147.6562 117.8078 -1327.1398 3109.0000 640.0800 152.4000
11349796 404332.0762 3712499.5493 2324.1000 -147.6562 117.8078 -1327.1398 3110.0000 640.0800 152.4000
11349796 404247.2187 3712443.2877 2316.4800 -147.6562 117.8078 -1327.1398 3111.0000 640.0800 152.4000
11349796 404095.4449 3712354.2760 2316.4800 -147.6562 117.8078 -1327.1398 3112.0000 640.0800 152.4000
11349796 404053.3923 3712328.4689 2308.8600 -147.6562 118.3222 -1327.1398 3113.0000 640.0800 152.4000
11349796 403838.8336 3712195.2489 2301.2400 -147.6562 118.3222 -1327.1398 3114.0000 640.0800 152.4000
11349796 403748.3757 3712146.2385 2301.2400 -147.6562 118.3222 -1327.1398 3115.0000 640.0800 152.4000
11349796 403721.9513 3712124.9296 2293.6200 -147.6562 118.3222 -1327.1398 3116.0000 640.0800 152.4000
11349796 403678.4800 3712099.1383 2293.6200 -147.6562 118.3222 -1327.1398 3117.0000 640.0800 152.4000
11349796 403469.6455 3711972.6369 2286.0000 -147.6562 118.3222 -1327.1398 3118.0000 640.0800 152.4000
11349796 403361.2835 3711904.7745 2286.0000 -147.6562 118.3222 -1327.1398 3119.0000 640.0800 152.4000
11349796 403235.0918 3711825.2483 2278.3800 -147.6562 118.3222 -1327.1398 3120.0000 640.0800 152.4000
11349796 403168.8522 3711789.9589 2270.7600 -147.6562 118.3222 -1327.1398 3121.0000 640.0800 152.4000
11349796 403036.9903 3711710.4923 2270.7600 -147.6562 118.3222 -1327.1398 3122.0000 640.0800 152.4000
11349796 402936.4613 3711647.2086 2263.1400 -147.6562 118.3222 -1327.1398 3123.0000 640.0800 152.4000
11349796 402818.1392 3711647.3678 936.0002 -147.6562 118.3222 -1327.1398 3124.0000 640.0800 152.4000
11349796 402739.7009 3711525.6769 2255.5200 -147.6562 118.3222 -1327.1398 3125.0000 640.0800 152.4000
11349796 402631.3500 3711459.9372 2247.9000 -147.6562 118.3222 -1327.1398 3126.0000 640.0800 152.4000
11349796 402503.0468 3711382.9797 2247.9000 -147.6562 118.3222 -1327.1398 3127.0000 640.0800 152.4000
11349796 402396.7964 3711315.1063 2240.2800 -147.6562 118.3222 -1327.1398 3128.0000 640.0800 152.4000
11349796 402278.4743 3711315.2655 913.1402 -147.6562 118.3222 -1327.1398 3129.0000 640.0800 152.4000
11349796 402226.4225 3711211.9295 2232.6600 -147.6562 118.3222 -1327.1398 3130.0000 640.0800 152.4000
11349796 402114.5267 3711146.6545 2232.6600 -147.6562 118.3222 -1327.1398 3131.0000 640.0800 152.4000
11349796 402072.4633 3711120.8558 2225.0400 -147.6562 117.8078 -1327.1398 3132.0000 640.0800 152.4000
11349796 401954.6556 3711121.0143 897.9002 -147.6562 117.8078 -1327.1398 3133.0000 640.0800 152.4000
11349796 401836.8479 3711121.1728 -429.2396 -147.6562 117.8078 -1327.1398 3134.0000 640.0800 152.4000
11349796 401877.8278 3711001.4345 2217.4200 -147.6562 118.3222 -1327.1398 3135.0000 640.0800 152.4000
11349796 401619.0391 3710844.6017 2209.8000 -147.6562 118.3222 -1327.1398 3136.0000 640.0800 152.4000
11349796 401554.8903 3710807.1867 2202.1800 -147.6562 118.3222 -1327.1398 3137.0000 640.0800 152.4000
11349796 401436.5682 3710807.3459 875.0402 -147.6562 118.3222 -1327.1398 3138.0000 640.0800 152.4000
11349796 401408.6851 3710713.5059 2202.1800 -147.6562 117.8078 -1327.1398 3139.0000 640.0800 152.4000
11349796 401356.6520 3710683.1593 2194.5600 -149.0625 118.3222 -1326.8147 3140.0000 640.0800 152.4000
11349796 401167.7877 3710575.5369 2186.9400 -149.0625 117.8078 -1326.8147 3141.0000 640.0800 152.4000
11349796 401058.0242 3710512.3669 2186.9400 -149.0625 117.8078 -1326.8147 3142.0000 640.0800 152.4000
11349796 400963.3590 3710470.6162 2179.3200 -151.8750 117.8078 -1326.8147 3143.0000 640.0800 152.4000
11349796 400857.1831 3710412.0646 2171.7000 -151.8750 117.8078 -1326.8147 3144.0000 640.0800 152.4000
11349796 400739.7706 3710363.3591 2171.7000 -156.0938 117.8078 -1327.4650 3145.0000 640.0800 152.4000
11349796 400645.1766 3710328.8018 2171.7000 -157.5000 117.8078 -1327.7901 3146.0000 640.0800 152.4000
11349796 400525.7326 3710289.4259 2164.0800 -158.9062 117.2933 -1328.4403 3147.0000 640.0800 152.4000
11349796 400383.5460 3710243.5186 2164.0800 -161.7187 117.8078 -1328.7654 3148.0000 640.0800 152.4000
11349796 400374.9159 3710361.0099 835.3146 -161.7187 117.8078 -1328.7654 3149.0000 640.0800 152.4000
11349796 400111.4542 3710174.8482 2156.4600 -165.9375 117.2933 -1329.7408 3150.0000 640.0800 152.4000
11349796 399992.1816 3710152.3975 2156.4600 -167.3437 117.8078 -1330.0659 3151.0000 640.0800 152.4000
11349796 399892.0861 3710134.4019 2156.4600 -168.7500 117.2933 -1330.3910 3152.0000 640.0800 152.4000
11349796 399766.5591 3710123.8631 2156.4600 -171.5625 117.2933 -1330.7162 3153.0000 640.0800 152.4000
11349796 399642.4444 3710112.8883 2156.4600 -172.9687 117.2933 -1330.7162 3154.0000 640.0800 152.4000
11349796 399543.1841 3710107.1548 2156.4600 -175.7812 117.2933 -1330.7162 3155.0000 640.0800 152.4000
11349796 399441.1603 3710108.2194 2148.8400 -177.1875 117.2933 -1330.7162 3156.0000 640.0800 152.4000
11349796 399291.6672 3710109.7813 2148.8400 -178.5938 117.2933 -1330.7162 3157.0000 640.0800 152.4000
11349796 399187.4656 3710055.9320 818.1238 -178.5938 117.2933 -1330.7162 3158.0000 640.0800 152.4000
11349796 399068.4901 3710112.1174 2148.8400 180.0000 117.2933 -1330.7162 3159.0000 640.0800 152.4000
11349796 398998.2947 3710018.1476 818.1238 180.0000 117.2933 -1330.7162 3160.0000 640.0800 152.4000
11349796 398793.5926 3710115.0019 2148.8400 180.0000 117.2933 -1330.7162 3161.0000 640.0800 152.4000
11349796 398768.0866 3710115.2699 2141.2200 178.5938 116.7789 -1330.0659 3162.0000 640.0800 152.4000
11349796 398644.1482 3710121.2265 2141.2200 178.5938 116.7789 -1329.7408 3163.0000 640.0800 152.4000
11349796 398586.7821 3710123.9453 2141.2200 178.5938 116.7789 -1329.4157 3164.0000 640.0800 152.4000
11349796 398347.3630 3710131.5453 2133.6000 178.5938 116.7789 -1329.0906 3165.0000 640.0800 152.4000
11349796 398221.9811 3710134.9844 2133.6000 178.5938 116.7789 -1328.7654 3166.0000 640.0800 152.4000
11349796 398148.2749 3710133.6485 2133.6000 178.5938 116.2644 -1328.1152 3167.0000 640.0800 152.4000
11349796 397996.6786 3710137.3678 2125.9800 178.5938 116.2644 -1328.1152 3168.0000 640.0800 152.4000
11349796 397849.3108 3710138.9295 2118.3600 178.5938 116.2644 -1328.1152 3169.0000 640.0800 152.4000
11349796 397746.0233 3710192.3064 790.2448 178.5938 116.2644 -1328.1152 3170.0000 640.0800 152.4000
11349796 397642.7357 3710245.6833 -537.8704 178.5938 116.2644 -1328.1152 3171.0000 640.0800 152.4000
11349796 397741.6729 3710145.1478 2110.7400 180.0000 116.2644 -1327.1398 3172.0000 640.0800 152.4000
11349796 397502.8818 3710145.1479 2103.1200 180.0000 116.2644 -1326.4896 3173.0000 640.0800 152.4000
11349796 397378.9215 3710149.0059 2103.1200 180.0000 116.2644 -1326.4896 3174.0000 640.0800 152.4000
11349796 397257.7681 3710150.2975 2095.5000 180.0000 116.2644 -1325.8394 3175.0000 640.0800 152.4000
11349796 397128.0857 3710149.1436 2087.8800 180.0000 116.2644 -1325.8394 3176.0000 640.0800 152.4000
11349796 397058.6256 3710147.3476 2080.2600 180.0000 116.2644 -1325.1891 3177.0000 640.0800 152.4000
11349796 396936.7908 3710151.1886 2080.2600 180.0000 116.2644 -1324.8640 3178.0000 640.0800 152.4000
11349796 396787.2701 3710150.2516 2065.0200 180.0000 116.2644 -1324.8640 3179.0000 640.0800 152.4000
11349796 396717.6905 3710057.1061 740.1560 180.0000 116.2644 -1324.8640 3180.0000 640.0800 152.4000
11349796 396656.1976 3710151.6570 2057.4000 -178.5938 116.2644 -1324.2138 3181.0000 640.0800 152.4000
11349796 396462.7271 3710149.0816 2049.7800 -178.5938 116.2644 -1324.2138 3182.0000 640.0800 152.4000
11349796 396291.2426 3710148.3884 2034.5400 -178.5938 116.2644 -1323.8886 3183.0000 640.0800 152.4000
11349796 396211.1592 3710147.1360 2034.5400 -178.5938 116.7789 -1323.5635 3184.0000 640.0800 152.4000
11349796 396113.4088 3710150.3049 2026.9200 -178.5938 116.7789 -1323.5635 3185.0000 640.0800 152.4000
11349796 396113.4088 3710150.3049 2026.9200 -178.5938 116.7789 -1323.5635 3186.0000 640.0800 152.4000
11349796 395864.6517 3710146.2229 2011.6800 -178.5938 116.7789 -1322.9133 3187.0000 640.0800 152.4000
11349796 395717.2054 3710140.6269 1996.4400 -178.5938 116.7789 -1322.9133 3188.0000 640.0800 152.4000
11349796 395593.2403 3710144.0849 1988.8200 -178.5938 116.7789 -1322.9133 3189.0000 640.0800 152.4000
11349796 395465.6364 3710138.7007 1981.2000 -178.5938 117.2933 -1322.5882 3190.0000 640.0800 152.4000
11349796 395368.5944 3710141.8694 1973.5800 -178.5938 117.2933 -1322.5882 3191.0000 640.0800 152.4000
11349796 395242.4579 3710141.1254 1965.9600 -178.5938 117.2933 -1322.9133 3192.0000 640.0800 152.4000
11349796 395067.4298 3710140.4925 1950.7200 -178.5938 117.8078 -1322.9133 3193.0000 640.0800 152.4000
11349796 394961.8351 3710139.1054 1943.1000 -178.5938 117.8078 -1322.9133 3194.0000 640.0800 152.4000
11349796 394864.0107 3710135.5195 1935.4800 -178.5938 117.8078 -1323.2384 3195.0000 640.0800 152.4000
11349796 394762.6946 3710136.6259 1927.8600 -178.5938 117.8078 -1323.2384 3196.0000 640.0800 152.4000
11349796 394582.7344 3710138.5938 1920.2400 -178.5938 118.3222 -1323.5635 3197.0000 640.0800 152.4000
11349796 394487.7947 3710139.6334 1912.6200 -178.5938 118.3222 -1323.8886 3198.0000 640.0800 152.4000
11349796 394360.2360 3710138.4934 1905.0000 -178.5938 118.3222 -1324.2138 3199.0000 640.0800 152.4000
11349796 394258.1880 3710137.4981 1897.3800 180.0000 118.3222 -1324.2138 3200.0000 640.0800 152.4000
11349796 394130.6802 3710141.0139 1889.7600 180.0000 118.3222 -1324.5389 3201.0000 640.0800 152.4000
11349796 394059.8691 3710046.2198 565.2211 180.0000 118.3222 -1324.5389 3202.0000 640.0800 152.4000
11349796 393989.0580 3709951.4256 -759.3178 180.0000 118.3222 -1324.5389 3203.0000 640.0800 152.4000
11349796 394020.8619 3710142.2216 1882.1400 180.0000 118.3222 -1324.8640 3204.0000 640.0800 152.4000
11349796 393750.1333 3710138.0129 1874.5200 180.0000 118.3222 -1325.1891 3205.0000 640.0800 152.4000
11349796 393598.5129 3710139.6866 1866.9000 180.0000 118.3222 -1325.1891 3206.0000 640.0800 152.4000
11349796 393552.4600 3710140.1954 1866.9000 180.0000 118.3222 -1325.1891 3207.0000 640.0800 152.4000
11349796 393276.1424 3710143.2531 1851.6600 180.0000 118.3222 -1325.1891 3208.0000 640.0800 152.4000
11349796 393205.3313 3710048.4590 526.4709 180.0000 118.3222 -1325.1891 3209.0000 640.0800 152.4000
11349796 393150.0844 3710149.7269 1844.0400 180.0000 118.3222 -1325.1891 3210.0000 640.0800 152.4000
11349796 393074.2742 3710150.5682 1836.4200 180.0000 117.8078 -1325.1891 3211.0000 640.0800 152.4000
11349796 392897.1710 3710154.6510 1828.8000 180.0000 117.8078 -1325.1891 3212.0000 640.0800 152.4000
11349796 392917.0092 3710154.4304 1821.1800 180.0000 117.8078 -1325.1891 3213.0000 640.0800 152.4000
11349796 392671.8658 3710157.1589 1821.1800 180.0000 117.8078 -1325.1891 3214.0000 640.0800 152.4000
11349796 392542.1854 3710156.4897 1813.5600 180.0000 117.8078 -1325.1891 3215.0000 640.0800 152.4000
11349796 392401.1924 3710158.0638 1805.9400 180.0000 117.8078 -1325.1891 3216.0000 640.0800 152.4000
11349796 392293.5229 3710161.3823 1798.3200 180.0000 117.8078 -1325.1891 3217.0000 640.0800 152.4000
11349796 392166.0200 3710165.3470 1790.7000 180.0000 117.8078 -1325.1891 3218.0000 640.0800 152.4000
11349796 392068.2460 3710166.4421 1783.0800 180.0000 117.8078 -1325.1891 3219.0000 640.0800 152.4000
11349796 392090.1813 3710163.6582 1783.0800 180.0000 117.8078 -1325.1891 3220.0000 640.0800 152.4000
11349796 391793.3450 3710169.5265 1775.4600 180.0000 117.8078 -1325.1891 3221.0000 640.0800 152.4000
11349796 391667.9677 3710173.4740 1767.8400 180.0000 117.8078 -1325.1891 3222.0000 640.0800 152.4000
11349796 391616.2180 3710171.5180 1767.8400 180.0000 117.8078 -1325.8394 3223.0000 640.0800 152.4000
11349796 391444.7877 3710175.9867 1760.2200 180.0000 117.8078 -1326.1645 3224.0000 640.0800 152.4000
11349796 391315.1021 3710174.9111 1752.6000 180.0000 117.8078 -1326.1645 3225.0000 640.0800 152.4000
11349796 391244.5988 3710080.5291 426.4355 180.0000 117.8078 -1326.1645 3226.0000 640.0800 152.4000
11349796 391174.0956 3709986.1470 -899.7290 180.0000 117.8078 -1326.1645 3227.0000 640.0800 152.4000
11349796 391103.5923 3709891.7650 -2225.8935 180.0000 117.8078 -1326.1645 3228.0000 640.0800 152.4000
11349796 391033.0890 3709797.3830 -3552.0580 180.0000 117.8078 -1326.1645 3229.0000 640.0800 152.4000
11349796 390962.5858 3709703.0010 -4878.2225 180.0000 117.8078 -1326.1645 3230.0000 640.0800 152.4000
11349796 390892.0825 3709608.6189 -6204.3870 180.0000 117.8078 -1326.1645 3231.0000 640.0800 152.4000
11349796 390821.5793 3709514.2369 -7530.5515 180.0000 117.8078 -1326.1645 3232.0000 640.0800 152.4000
11349796 390751.0760 3709419.8549 -8856.7160 180.0000 117.8078 -1326.1645 3233.0000 640.0800 152.4000
11349796 390680.5727 3709325.4728 -10182.8805 180.0000 117.8078 -1326.1645 3234.0000 640.0800 152.4000
11349796 390610.0695 3709231.0908 -11509.0450 180.0000 117.8078 -1326.1645 3235.0000 640.0800 152.4000
11349796 390539.5662 3709136.7088 -12835.2095 180.0000 117.8078 -1326.1645 3236.0000 640.0800 152.4000
11349796 390469.0629 3709042.3267 -14161.3740 180.0000 117.8078 -1326.1645 3237.0000 640.0800 152.4000
11349796 389811.0195 3710199.1919 1699.2600 180.0000 117.8078 -1326.1645 3238.0000 640.0800 152.4000
11349796 389736.6260 3710200.0432 1691.6400 180.0000 117.8078 -1326.1645 3239.0000 640.0800 152.4000
11349796 389684.9048 3710200.6355 1691.6400 180.0000 114.2067 -1327.4650 3240.0000 640.0800 152.4000
11349796 389517.7257 3710205.0898 1684.0200 180.0000 114.2067 -1327.4650 3241.0000 640.0800 152.4000
11349796 389372.4521 3710204.2191 1684.0200 180.0000 114.2067 -1327.4650 3242.0000 640.0800 152.4000
11349796 389248.4920 3710208.1819 1676.4000 180.0000 113.6922 -1327.4650 3243.0000 640.0800 152.4000
11349796 389242.7947 3710205.7092 1676.4000 180.0000 113.6922 -1327.4650 3244.0000 640.0800 152.4000
11349796 389033.8135 3710210.6527 1668.7800 180.0000 113.1778 -1327.4650 3245.0000 640.0800 152.4000
11349796 388909.7949 3710209.5442 1668.7800 180.0000 113.1778 -1327.7901 3246.0000 640.0800 152.4000
11349796 388768.8551 3710215.8241 1661.1600 180.0000 112.6633 -1327.7901 3247.0000 640.0800 152.4000
11349796 388671.0562 3710214.8388 1661.1600 180.0000 112.6633 -1327.7901 3248.0000 640.0800 152.4000
11349796 388549.2169 3710218.3630 1653.5400 180.0000 112.1489 -1328.1152 3249.0000 640.0800 152.4000
11349796 388437.9563 3710217.5360 1653.5400 180.0000 112.1489 -1328.1152 3250.0000 640.0800 152.4000
11349796 388340.1818 3710218.6689 1645.9200 180.0000 111.6344 -1328.4403 3251.0000 640.0800 152.4000
11349796 388222.5690 3710220.0331 1645.9200 180.0000 111.6344 -1328.4403 3252.0000 640.0800 152.4000
11349796 388155.7603 3710130.5969 317.4797 180.0000 111.6344 -1328.4403 3253.0000 640.0800 152.4000
11349796 388088.9515 3710041.1607 -1010.9606 180.0000 111.6344 -1328.4403 3254.0000 640.0800 152.4000
11349796 388102.8552 3710223.5383 1645.9200 180.0000 110.6056 -1328.4403 3255.0000 640.0800 152.4000
11349796 387963.2539 3710223.0460 1638.3000 -178.5938 110.0911 -1328.4403 3256.0000 640.0800 152.4000
11349796 387774.0223 3710220.1727 1630.6800 -177.1875 109.5767 -1328.1152 3257.0000 640.0800 152.4000
11349796 387702.4379 3710218.8919 1630.6800 -177.1875 109.5767 -1328.1152 3258.0000 640.0800 152.4000
11349796 387610.9559 3710212.7674 1630.6800 -174.3750 109.0622 -1327.7901 3259.0000 640.0800 152.4000
11349796 387427.1990 3710193.3389 1623.0600 -172.9687 109.0622 -1327.7901 3260.0000 640.0800 152.4000
11349796 387420.7977 3710191.2986 1615.4400 -172.9687 109.0622 -1327.7901 3261.0000 640.0800 152.4000
11349796 387217.7167 3710155.6018 1615.4400 -168.7500 108.5478 -1327.4650 3262.0000 640.0800 152.4000
11349796 387083.4697 3710128.4087 1607.8200 -168.7500 108.5478 -1327.4650 3263.0000 640.0800 152.4000
11349796 386977.5081 3710096.2321 1600.2000 -164.5313 108.0333 -1326.1645 3264.0000 640.0800 152.4000
11349796 386867.2698 3710061.9918 1592.5800 -163.1250 107.5189 -1325.5142 3265.0000 640.0800 152.4000
11349796 386735.6058 3710013.6216 1584.9600 -160.3125 107.0044 -1324.8640 3266.0000 640.0800 152.4000
11349796 386629.0468 3710023.3748 260.0960 -160.3125 107.0044 -1324.8640 3267.0000 640.0800 152.4000
11349796 386553.1862 3709927.7781 1577.3400 -154.6875 105.9756 -1326.1645 3268.0000 640.0800 152.4000
11349796 386475.6060 3709999.9733 251.1755 -154.6875 105.9756 -1326.1645 3269.0000 640.0800 152.4000
11349796 386358.4086 3709815.8559 1569.7200 -150.4688 105.4611 -1327.7901 3270.0000 640.0800 152.4000
11349796 386458.2594 3709849.7950 241.9299 -150.4688 105.4611 -1327.7901 3271.0000 640.0800 152.4000
11349796 386217.5614 3709710.4919 1562.1000 -144.8438 103.9178 -1328.1152 3272.0000 640.0800 152.4000
11349796 386096.6859 3709616.3154 1554.4800 -142.0312 103.4033 -1328.1152 3273.0000 640.0800 152.4000
11349796 386048.6820 3709572.0419 1554.4800 -139.2187 102.3744 -1328.1152 3274.0000 640.0800 152.4000
11349796 385986.3012 3709510.5945 1554.4800 -137.8125 102.3744 -1328.1152 3275.0000 640.0800 152.4000
11349796 385964.0303 3709485.0532 1546.8600 -135.0000 101.8600 -1328.1152 3276.0000 640.0800 152.4000
11349796 385814.6126 3709315.0725 1546.8600 -132.1875 101.3456 -1327.7901 3277.0000 640.0800 152.4000
11349796 385757.8472 3709249.3296 1539.2400 -129.3750 100.8311 -1327.4650 3278.0000 640.0800 152.4000
11349796 385700.8251 3709162.0154 1531.6200 -127.9687 100.3167 -1327.1398 3279.0000 640.0800 152.4000
11349796 385641.6763 3709074.7269 1531.6200 -125.1562 99.2878 -1326.8147 3280.0000 640.0800 152.4000
11349796 385598.9649 3708999.0883 1524.0000 -119.5312 98.7733 -1326.1645 3281.0000 640.0800 152.4000
11349796 385540.2113 3708885.5677 1516.3800 -119.5312 98.7733 -1326.1645 3282.0000 640.0800 152.4000
11349796 385556.1675 3708916.2595 1516.3800 -116.7188 98.7733 -1325.8394 3283.0000 640.0800 152.4000
11349796 385482.6474 3708752.9969 1508.7600 -112.5000 97.7444 -1325.1891 3284.0000 640.0800 152.4000
11349796 385563.4661 3708807.9724 183.5709 -112.5000 97.7444 -1325.1891 3285.0000 640.0800 152.4000
11349796 385433.8119 3708639.3590 1501.1400 -112.5000 97.7444 -1325.1891 3286.0000 640.0800 152.4000
11349796 385406.4307 3708541.9644 1493.5200 -106.8750 97.2300 -1325.1891 3287.0000 640.0800 152.4000
11349796 385385.5979 3708458.8751 1493.5200 -106.8750 97.2300 -1325.1891 3288.0000 640.0800 152.4000
11349796 385385.5979 3708458.8751 1493.5200 -102.6562 96.7156 -1324.5389 3289.0000 640.0800 152.4000
11349796 385334.6804 3708376.6479 168.9811 -102.6562 96.7156 -1324.5389 3290.0000 640.0800 152.4000
11349796 385385.5979 3708458.8751 1493.5200 -97.0313 97.2300 -1324.5389 3291.0000 640.0800 152.4000
11349796 385316.7266 3708031.5872 1463.0400 -97.0313 97.2300 -1324.5389 3292.0000 640.0800 152.4000
11349796 385318.7923 3708026.4862 1455.4200 -92.8125 96.7156 -1325.1891 3293.0000 640.0800 152.4000
11349796 385316.3617 3707822.1914 1447.8000 -92.8125 96.7156 -1325.1891 3294.0000 640.0800 152.4000
11349796 385313.5261 3707762.5778 1447.8000 -90.0000 96.7156 -1325.5142 3295.0000 640.0800 152.4000
11349796 385270.1904 3707676.1144 122.2858 -90.0000 96.7156 -1325.5142 3296.0000 640.0800 152.4000
11349796 385226.8547 3707589.6510 -1203.2284 -90.0000 96.7156 -1325.5142 3297.0000 640.0800 152.4000
11349796 385183.5190 3707503.1875 -2528.7426 -90.0000 96.7156 -1325.5142 3298.0000 640.0800 152.4000
11349796 385322.9648 3707721.8546 1440.1800 -77.3438 96.2011 -1324.5389 3299.0000 640.0800 152.4000
11349796 385287.7487 3707632.3310 115.6411 -77.3438 96.2011 -1324.5389 3300.0000 640.0800 152.4000
11349796 385252.5326 3707542.8074 -1208.8978 -77.3438 96.2011 -1324.5389 3301.0000 640.0800 152.4000
11349796 385217.3164 3707453.2838 -2533.4367 -77.3438 96.2011 -1324.5389 3302.0000 640.0800 152.4000
11349796 385182.1003 3707363.7602 -3857.9756 -77.3438 96.2011 -1324.5389 3303.0000 640.0800 152.4000
11349796 385146.8842 3707274.2366 -5182.5145 -77.3438 96.2011 -1324.5389 3304.0000 640.0800 152.4000
11349796 385111.6681 3707184.7130 -6507.0534 -77.3438 96.2011 -1324.5389 3305.0000 640.0800 152.4000
11349796 385076.4519 3707095.1894 -7831.5923 -77.3438 96.2011 -1324.5389 3306.0000 640.0800 152.4000
11349796 385041.2358 3707005.6657 -9156.1312 -77.3438 96.2011 -1324.5389 3307.0000 640.0800 152.4000
11349796 385006.0197 3706916.1421 -10480.6701 -77.3438 96.2011 -1324.5389 3308.0000 640.0800 152.4000
11349796 384970.8036 3706826.6185 -11805.2090 -77.3438 96.2011 -1324.5389 3309.0000 640.0800 152.4000
11349796 384935.5874 3706737.0949 -13129.7479 -77.3438 96.2011 -1324.5389 3310.0000 640.0800 152.4000
11349796 384900.3713 3706647.5713 -14454.2868 -77.3438 96.2011 -1324.5389 3311.0000 640.0800 152.4000
11349796 384865.1552 3706558.0477 -15778.8257 -77.3438 96.2011 -1324.5389 3312.0000 640.0800 152.4000
11349796 384829.9391 3706468.5241 -17103.3646 -77.3438 96.2011 -1324.5389 3313.0000 640.0800 152.4000
11349796 384794.7229 3706379.0005 -18427.9035 -77.3438 96.2011 -1324.5389 3314.0000 640.0800 152.4000
11349796 384759.5068 3706289.4769 -19752.4424 -77.3438 96.2011 -1324.5389 3315.0000 640.0800 152.4000
11349796 384724.2907 3706199.9533 -21076.9813 -77.3438 96.2011 -1324.5389 3316.0000 640.0800 152.4000
11349796 384689.0746 3706110.4297 -22401.5202 -77.3438 96.2011 -1324.5389 3317.0000 640.0800 152.4000
11349796 384653.8584 3706020.9061 -23726.0591 -77.3438 96.2011 -1324.5389 3318.0000 640.0800 152.4000
11349796 384618.6423 3705931.3825 -25050.5980 -77.3438 96.2011 -1324.5389 3319.0000 640.0800 152.4000
11349796 384583.4262 3705841.8589 -26375.1369 -77.3438 96.2011 -1324.5389 3320.0000 640.0800 152.4000
11349796 384548.2101 3705752.3352 -27699.6758 -77.3438 96.2011 -1324.5389 3321.0000 640.0800 152.4000
11349796 386808.1367 3705688.9995 1272.5400 -77.3438 96.2011 -1324.5389 3322.0000 640.0800 152.4000
11349796 386887.5966 3705633.4970 1264.9200 -32.3437 95.1722 -1326.4896 3323.0000 640.0800 152.4000
11349796 386944.6635 3705557.3319 -61.5696 -32.3437 95.1722 -1326.4896 3324.0000 640.0800 152.4000
11349796 386887.5966 3705633.4970 1264.9200 -33.7500 95.1722 -1326.4896 3325.0000 640.0800 152.4000
11349796 387061.4300 3705524.4347 1257.3000 -33.7500 95.1722 -1326.4896 3326.0000 640.0800 152.4000
11349796 387140.8333 3705463.8588 1249.6800 -33.7500 95.1722 -1326.4896 3327.0000 640.0800 152.4000
11349796 387140.8333 3705463.8588 1249.6800 -33.7500 94.6578 -1326.4896 3328.0000 640.0800 152.4000
11349796 387075.3970 3705395.4615 -76.8096 -33.7500 94.6578 -1326.4896 3329.0000 640.0800 152.4000
11349796 387373.6597 3705306.3106 1234.4400 -33.7500 94.6578 -1326.8147 3330.0000 640.0800 152.4000
11349796 387457.3792 3705250.7634 1226.8200 -33.7500 94.1433 -1326.8147 3331.0000 640.0800 152.4000
11349796 387445.3825 3705255.5566 1226.8200 -33.7500 94.1433 -1326.8147 3332.0000 640.0800 152.4000
11349796 387587.4423 3705156.6046 1219.2000 -35.1563 94.1433 -1326.8147 3333.0000 640.0800 152.4000
11349796 387669.0081 3705098.5463 1219.2000 -35.1563 94.1433 -1326.8147 3334.0000 640.0800 152.4000
11349796 387720.3140 3705059.8769 1211.5800 -35.1563 94.1433 -1326.8147 3335.0000 640.0800 152.4000
11349796 387860.1938 3704955.8783 1203.9600 -35.1563 94.1433 -1326.8147 3336.0000 640.0800 152.4000
11349796 387782.4292 3705008.9408 -122.8547 -35.1563 94.1433 -1326.8147 3337.0000 640.0800 152.4000
11349796 387704.6647 3705062.0034 -1449.6694 -35.1563 94.1433 -1326.8147 3338.0000 640.0800 152.4000
11349796 388085.9008 3704793.7777 1188.7200 -35.1563 94.1433 -1326.8147 3339.0000 640.0800 152.4000
11349796 388008.1362 3704846.8402 -138.0947 -35.1563 94.1433 -1326.8147 3340.0000 640.0800 152.4000
11349796 388085.9008 3704793.7777 1188.7200 -35.1563 92.6000 -1326.8147 3341.0000 640.0800 152.4000
11349796 388305.2351 3704631.7566 1181.1000 -35.1563 92.6000 -1326.8147 3342.0000 640.0800 152.4000
11349796 388305.2351 3704631.7566 1181.1000 -36.5625 92.0856 -1326.4896 3343.0000 640.0800 152.4000
11349796 388343.9728 3704715.2979 -145.3896 -36.5625 92.0856 -1326.4896 3344.0000 640.0800 152.4000
11349796 388382.7105 3704798.8392 -1471.8792 -36.5625 92.0856 -1326.4896 3345.0000 640.0800 152.4000
11349796 388592.0873 3704421.5825 1158.2400 -36.5625 92.0856 -1326.1645 3346.0000 640.0800 152.4000
11349796 388670.8295 3704363.5657 1150.6200 -36.5625 92.0856 -1325.8394 3347.0000 640.0800 152.4000
11349796 388781.8819 3704278.9499 1143.0000 -35.1563 91.5711 -1325.8394 3348.0000 640.0800 152.4000
11349796 388860.6264 3704220.9348 1135.3800 -35.1563 91.5711 -1325.8394 3349.0000 640.0800 152.4000
11349796 388938.0075 3704167.5893 1135.3800 -35.1563 91.5711 -1325.8394 3350.0000 640.0800 152.4000
