11214846 398814 3.68979e+06 2087.88 172.969 126.553 -1326.49 2551.0000 640.0800 152.4000
11214846 398689.5236 3689767.1685 761.3900 172.9690 126.5530 -1326.4900 2552.0000 640.0800 152.4000
11214846 398577.2191 3689811.3838 2080.2600 174.3750 126.0389 -1326.4896 2553.0000 640.0800 152.4000
11214846 398577.2191 3689811.3838 2080.2600 175.7812 125.0100 -1326.8147 2554.0000 640.0800 152.4000
11214846 398201.7589 3689827.1612 2065.0200 175.7812 125.0100 -1326.8147 2555.0000 640.0800 152.4000
11214846 398076.1175 3689831.0187 2065.0200 177.1875 125.0100 -1326.8147 2556.0000 640.0800 152.4000
11214846 397961.7826 3689829.6829 2057.4000 180.0000 124.4956 -1327.1398 2557.0000 640.0800 152.4000
11214846 397852.4176 3689828.2961 2057.4000 180.0000 124.4956 -1327.4650 2558.0000 640.0800 152.4000
11214846 397690.4909 3689825.3498 2049.7800 -178.5938 123.9811 -1327.4650 2559.0000 640.0800 152.4000
11214846 397568.3235 3689821.9863 2049.7800 -178.5938 123.9811 -1327.4650 2560.0000 640.0800 152.4000
11214846 397506.5543 3689822.6388 2049.7800 -178.5938 123.4667 -1327.4650 2561.0000 640.0800 152.4000
11214846 397368.7669 3689819.4429 2042.1600 -178.5938 123.4667 -1327.4650 2562.0000 640.0800 152.4000
11214846 397172.7556 3689816.4430 2034.5400 -178.5938 122.9522 -1327.4650 2563.0000 640.0800 152.4000
11214846 397098.8940 3689815.1113 2034.5400 -178.5938 122.9522 -1327.4650 2564.0000 640.0800 152.4000
11214846 396965.3886 3689813.9906 2026.9200 -178.5938 122.4378 -1327.4650 2565.0000 640.0800 152.4000
11214846 396833.3031 3689812.8567 2026.9200 -178.5938 122.4378 -1327.4650 2566.0000 640.0800 152.4000
11214846 396651.5450 3689814.7917 2019.3000 -178.5938 121.9233 -1327.1398 2567.0000 640.0800 152.4000
11214846 396586.2527 3689818.0257 2011.6800 -178.5938 121.9233 -1326.4896 2568.0000 640.0800 152.4000
11214846 396392.3751 3689815.4418 2004.0600 180.0000 121.4089 -1326.1645 2569.0000 640.0800 152.4000
11214846 396319.7167 3689718.1747 677.8955 180.0000 121.4089 -1326.1645 2570.0000 640.0800 152.4000
11214846 396286.6087 3689818.6872 2004.0600 180.0000 121.4089 -1325.5142 2571.0000 640.0800 152.4000
11214846 396213.9503 3689721.4201 678.5458 180.0000 121.4089 -1325.5142 2572.0000 640.0800 152.4000
11214846 396141.2919 3689624.1531 -646.9684 180.0000 121.4089 -1325.5142 2573.0000 640.0800 152.4000
11214846 395839.2903 3689821.3657 1981.2000 180.0000 121.4089 -1325.5142 2574.0000 640.0800 152.4000
11214846 395839.2903 3689821.3657 1981.2000 180.0000 120.8944 -1325.1891 2575.0000 640.0800 152.4000
11214846 395701.5242 3689820.3082 1973.5800 180.0000 120.8944 -1325.5142 2576.0000 640.0800 152.4000
11214846 395573.7526 3689824.2211 1965.9600 180.0000 120.8944 -1325.5142 2577.0000 640.0800 152.4000
11214846 395451.6337 3689825.5367 1958.3400 180.0000 120.8944 -1325.8394 2578.0000 640.0800 152.4000
11214846 395379.2832 3689728.6818 632.5006 180.0000 120.8944 -1325.8394 2579.0000 640.0800 152.4000
11214846 395306.9328 3689631.8270 -693.3388 180.0000 120.8944 -1325.8394 2580.0000 640.0800 152.4000
11214846 394982.3000 3689828.0691 1943.1000 180.0000 120.8944 -1325.8394 2581.0000 640.0800 152.4000
11214846 394909.9495 3689731.2142 617.2606 180.0000 120.8944 -1325.8394 2582.0000 640.0800 152.4000
11214846 394744.4793 3689833.1850 1927.8600 180.0000 120.8944 -1325.8394 2583.0000 640.0800 152.4000
11214846 394623.0702 3689834.5034 1927.8600 180.0000 119.3511 -1326.1645 2584.0000 640.0800 152.4000
11214846 394505.2111 3689835.7846 1920.2400 180.0000 119.3511 -1326.1645 2585.0000 640.0800 152.4000
11214846 394397.3148 3689839.0738 1912.6200 180.0000 119.3511 -1325.8394 2586.0000 640.0800 152.4000
11214846 394325.8879 3689743.4554 586.7806 180.0000 119.3511 -1325.8394 2587.0000 640.0800 152.4000
11214846 394254.4611 3689647.8369 -739.0588 180.0000 119.3511 -1325.8394 2588.0000 640.0800 152.4000
11214846 394089.8870 3689842.4259 1897.3800 180.0000 119.3511 -1325.8394 2589.0000 640.0800 152.4000
11214846 394018.4601 3689746.8075 571.5406 180.0000 119.3511 -1325.8394 2590.0000 640.0800 152.4000
11214846 394089.8870 3689842.4259 1897.3800 180.0000 118.8367 -1325.5142 2591.0000 640.0800 152.4000
11214846 393770.4168 3689848.4577 1882.1400 180.0000 118.3222 -1325.5142 2592.0000 640.0800 152.4000
11214846 393672.4374 3689849.5314 1882.1400 180.0000 118.3222 -1325.5142 2593.0000 640.0800 152.4000
11214846 393494.9107 3689848.9411 1874.5200 180.0000 118.3222 -1325.5142 2594.0000 640.0800 152.4000
11214846 393333.0316 3689850.7201 1866.9000 180.0000 118.3222 -1325.5142 2595.0000 640.0800 152.4000
11214846 393273.4199 3689853.9139 1859.2800 180.0000 117.8078 -1325.5142 2596.0000 640.0800 152.4000
11214846 393131.4719 3689860.1300 1851.6600 180.0000 117.8078 -1325.5142 2597.0000 640.0800 152.4000
11214846 393073.2289 3689858.6569 1851.6600 180.0000 117.8078 -1325.5142 2598.0000 640.0800 152.4000
11214846 392875.9295 3689868.0252 1844.0400 178.5938 117.8078 -1325.5142 2599.0000 640.0800 152.4000
11214846 392712.0234 3689879.1430 1828.8000 177.1875 117.8078 -1325.1891 2600.0000 640.0800 152.4000
11214846 392748.2404 3689991.2457 503.6109 177.1875 117.8078 -1325.1891 2601.0000 640.0800 152.4000
11214846 392594.2953 3689892.2903 1828.8000 177.1875 117.2933 -1325.1891 2602.0000 640.0800 152.4000
11214846 392488.5859 3689900.6526 1821.1800 175.7812 117.8078 -1324.8640 2603.0000 640.0800 152.4000
11214846 392375.1182 3689913.7552 1813.5600 175.7812 117.2933 -1324.8640 2604.0000 640.0800 152.4000
11214846 392247.4275 3689924.9022 1805.9400 174.3750 117.2933 -1324.8640 2605.0000 640.0800 152.4000
11214846 392249.3754 3689807.6251 481.0760 174.3750 117.2933 -1324.8640 2606.0000 640.0800 152.4000
11214846 392251.3233 3689690.3480 -843.7880 174.3750 117.2933 -1324.8640 2607.0000 640.0800 152.4000
11214846 392247.4275 3689924.9022 1805.9400 174.3750 116.7789 -1324.5389 2608.0000 640.0800 152.4000
11214846 392249.3668 3689808.1394 481.4011 174.3750 116.7789 -1324.5389 2609.0000 640.0800 152.4000
11214846 392251.3062 3689691.3766 -843.1378 174.3750 116.7789 -1324.5389 2610.0000 640.0800 152.4000
11214846 391429.7903 3690022.0065 1760.2200 174.3750 116.7789 -1324.5389 2611.0000 640.0800 152.4000
11214846 391431.7296 3689905.2437 435.6811 174.3750 116.7789 -1324.5389 2612.0000 640.0800 152.4000
11214846 391317.7735 3690037.6434 1752.6000 174.3750 116.7789 -1324.5389 2613.0000 640.0800 152.4000
11214846 391319.7128 3689920.8806 428.0611 174.3750 116.7789 -1324.5389 2614.0000 640.0800 152.4000
11214846 391005.0973 3690079.2233 1744.9800 174.3750 116.7789 -1324.5389 2615.0000 640.0800 152.4000
11214846 390899.4430 3690092.2555 1737.3600 172.9687 116.7789 -1326.4896 2616.0000 640.0800 152.4000
11214846 390795.9426 3690107.3798 1729.7400 172.9687 117.2933 -1326.4896 2617.0000 640.0800 152.4000
11214846 390735.6751 3690115.2497 1729.7400 172.9687 117.2933 -1326.4896 2618.0000 640.0800 152.4000
11214846 390514.4330 3690141.8565 1722.1200 172.9687 117.2933 -1326.4896 2619.0000 640.0800 152.4000
11214846 390400.9939 3690157.0972 1714.5000 172.9687 116.7789 -1326.4896 2620.0000 640.0800 152.4000
11214846 390285.3774 3690168.1337 1706.8800 172.9687 116.7789 -1326.1645 2621.0000 640.0800 152.4000
11214846 390170.5084 3690147.1000 380.7155 172.9687 116.7789 -1326.1645 2622.0000 640.0800 152.4000
11214846 390159.2167 3690188.5973 1706.8800 172.9687 116.7789 -1326.1645 2623.0000 640.0800 152.4000
11214846 390041.5235 3690204.3135 1699.2600 172.9687 116.2644 -1325.5142 2624.0000 640.0800 152.4000
11214846 389924.4830 3690214.9475 1691.6400 172.9687 116.7789 -1325.5142 2625.0000 640.0800 152.4000
11214846 389809.6140 3690193.9138 366.1258 172.9687 116.7789 -1325.5142 2626.0000 640.0800 152.4000
11214846 389672.7928 3690248.6875 1676.4000 172.9687 116.7789 -1325.1891 2627.0000 640.0800 152.4000
11214846 389603.2732 3690254.5547 1676.4000 172.9687 116.7789 -1325.1891 2628.0000 640.0800 152.4000
11214846 389603.2732 3690254.5547 1676.4000 172.9687 116.7789 -1324.8640 2629.0000 640.0800 152.4000
11214846 389311.8795 3690293.4094 1653.5400 172.9687 117.8078 -1324.5389 2630.0000 640.0800 152.4000
11214846 389196.3958 3690315.8788 1653.5400 172.9687 117.8078 -1324.5389 2631.0000 640.0800 152.4000
11214846 389092.9046 3690331.4443 1645.9200 171.5625 117.8078 -1324.2138 2632.0000 640.0800 152.4000
11214846 388975.2967 3690354.3638 1638.3000 171.5625 118.3222 -1324.2138 2633.0000 640.0800 152.4000
11214846 388861.2634 3690379.3587 1630.6800 171.5625 118.3222 -1324.2138 2634.0000 640.0800 152.4000
11214846 388760.0682 3690409.2840 1623.0600 167.3437 118.3222 -1323.5635 2635.0000 640.0800 152.4000
11214846 388644.6987 3690441.4881 1615.4400 165.9375 118.8367 -1323.2384 2636.0000 640.0800 152.4000
11214846 388544.4523 3690505.3068 292.2016 165.9375 118.8367 -1323.2384 2637.0000 640.0800 152.4000
11214846 388433.9768 3690517.5147 1600.2000 161.7187 119.3511 -1322.5882 2638.0000 640.0800 152.4000
11214846 388224.9266 3690615.1005 1584.9600 158.9062 119.3511 -1322.5882 2639.0000 640.0800 152.4000
11214846 388194.7318 3690730.5689 262.3718 158.9062 119.3511 -1322.5882 2640.0000 640.0800 152.4000
11214846 388140.2010 3690656.6869 1577.3400 154.6875 119.3511 -1322.5882 2641.0000 640.0800 152.4000
11214846 388028.7425 3690719.7336 1569.7200 151.8750 119.3511 -1322.9133 2642.0000 640.0800 152.4000
11214846 387939.2690 3690780.4124 1569.7200 149.0625 119.3511 -1323.5635 2643.0000 640.0800 152.4000
11214846 387799.2296 3690889.0548 1562.1000 146.2500 119.3511 -1324.2138 2644.0000 640.0800 152.4000
11214846 387739.3801 3690932.4722 1554.4800 143.4375 119.3511 -1324.8640 2645.0000 640.0800 152.4000
11214846 387644.6133 3691026.2104 1554.4800 140.6250 119.3511 -1325.5142 2646.0000 640.0800 152.4000
11214846 387561.6422 3691096.1239 1546.8600 137.8125 119.3511 -1326.1645 2647.0000 640.0800 152.4000
11214846 387480.9984 3691182.9318 1546.8600 135.0000 119.3511 -1326.4896 2648.0000 640.0800 152.4000
11214846 387406.0893 3691274.3271 1546.8600 132.1875 118.8367 -1326.8147 2649.0000 640.0800 152.4000
11214846 387331.4569 3691389.4087 1546.8600 129.3750 118.8367 -1327.1398 2650.0000 640.0800 152.4000
11214846 387255.2934 3691494.7793 1539.2400 126.5625 119.3511 -1327.7901 2651.0000 640.0800 152.4000
11214846 387198.1655 3691588.5077 1539.2400 126.5625 119.3511 -1327.7901 2652.0000 640.0800 152.4000
11214846 387272.4680 3691681.9091 211.4499 126.5625 119.3511 -1327.7901 2653.0000 640.0800 152.4000
11214846 387346.7706 3691775.3105 -1116.3402 126.5625 119.3511 -1327.7901 2654.0000 640.0800 152.4000
11214846 387034.3456 3691908.9476 1539.2400 116.7187 118.8367 -1327.4650 2655.0000 640.0800 152.4000
11214846 386944.4817 3692117.2741 1531.6200 113.9063 118.8367 -1327.1398 2656.0000 640.0800 152.4000
11214846 387026.5085 3692203.2611 204.4802 113.9063 118.8367 -1327.1398 2657.0000 640.0800 152.4000
11214846 386875.5376 3692353.6996 1516.3800 106.8750 119.3511 -1324.2138 2658.0000 640.0800 152.4000
11214846 386852.9296 3692484.6762 1508.7600 105.4687 118.8367 -1322.9133 2659.0000 640.0800 152.4000
11214846 386828.7100 3692599.1739 1501.1400 102.6563 119.3511 -1321.9379 2660.0000 640.0800 152.4000
11214846 386765.8655 3692700.6394 179.2021 102.6563 119.3511 -1321.9379 2661.0000 640.0800 152.4000
11214846 386810.2237 3692718.2580 1493.5200 99.8438 119.3511 -1321.2877 2662.0000 640.0800 152.4000
11214846 386795.4550 3692851.6814 1485.9000 98.4375 118.8367 -1321.2877 2663.0000 640.0800 152.4000
11214846 386787.0500 3692982.9153 1478.2800 95.6250 119.3511 -1321.2877 2664.0000 640.0800 152.4000
11214846 386778.6701 3693116.2641 1470.6600 94.2188 119.8656 -1321.6128 2665.0000 640.0800 152.4000
11214846 386898.4854 3693112.7909 149.0472 94.2188 119.8656 -1321.6128 2666.0000 640.0800 152.4000
11214846 387018.3006 3693109.3178 -1172.5656 94.2188 119.8656 -1321.6128 2667.0000 640.0800 152.4000
11214846 387138.1159 3693105.8446 -2494.1784 94.2188 119.8656 -1321.6128 2668.0000 640.0800 152.4000
11214846 387257.9312 3693102.3714 -3815.7912 94.2188 119.8656 -1321.6128 2669.0000 640.0800 152.4000
11214846 386785.8428 3693729.9807 1432.5600 88.5937 120.3800 -1323.2384 2670.0000 640.0800 152.4000
11214846 386787.3704 3693860.6758 1424.9400 88.5937 120.3800 -1323.2384 2671.0000 640.0800 152.4000
11214846 386792.8795 3693967.6353 1417.3200 88.5937 120.3800 -1323.2384 2672.0000 640.0800 152.4000
11214846 386800.6977 3694150.7112 1409.7000 88.5937 120.3800 -1323.5635 2673.0000 640.0800 152.4000
11214846 386806.1819 3694255.5559 1402.0800 88.5937 120.3800 -1323.5635 2674.0000 640.0800 152.4000
11214846 386807.4326 3694362.5652 1394.4600 88.5937 120.3800 -1324.2138 2675.0000 640.0800 152.4000
11214846 386819.3999 3694536.2864 1386.8400 88.5937 120.3800 -1324.2138 2676.0000 640.0800 152.4000
11214846 386820.2304 3694607.3440 1386.8400 88.5937 120.3800 -1324.5389 2677.0000 640.0800 152.4000
11214846 386917.5641 3694678.1782 62.3011 88.5937 120.3800 -1324.5389 2678.0000 640.0800 152.4000
11214846 386827.5786 3694750.2387 1379.2200 88.5937 120.3800 -1324.8640 2679.0000 640.0800 152.4000
11214846 386833.5321 3694895.2649 1371.6000 88.5937 120.3800 -1325.5142 2680.0000 640.0800 152.4000
11214846 386840.4895 3695004.7457 1363.9800 88.5937 119.8656 -1326.1645 2681.0000 640.0800 152.4000
11214846 386848.4037 3695135.3663 1356.3600 87.1875 119.3511 -1326.1645 2682.0000 640.0800 152.4000
11214846 386853.3161 3695252.0624 1356.3600 87.1875 119.3511 -1326.1645 2683.0000 640.0800 152.4000
11214846 386861.1213 3695373.3779 1348.7400 87.1875 118.8367 -1325.8394 2684.0000 640.0800 152.4000
11214846 386862.3422 3695477.8496 1341.1200 87.1875 118.8367 -1325.5142 2685.0000 640.0800 152.4000
11214846 386869.4080 3695596.6357 1333.5000 87.1875 118.3222 -1325.1891 2686.0000 640.0800 152.4000
11214846 386953.7663 3695513.6669 8.3109 87.1875 118.3222 -1325.1891 2687.0000 640.0800 152.4000
11214846 386888.7633 3695856.1439 1325.8800 87.1875 117.8078 -1323.5635 2688.0000 640.0800 152.4000
11214846 386900.0861 3695974.8803 1310.6400 85.7812 117.8078 -1322.9133 2689.0000 640.0800 152.4000
11214846 386915.0107 3696098.2278 1303.0200 85.7812 117.8078 -1322.9133 2690.0000 640.0800 152.4000
11214846 386930.7336 3696229.1805 1295.4000 82.9688 117.2933 -1321.6128 2691.0000 640.0800 152.4000
11214846 386958.5972 3696366.7596 1287.7800 81.5625 117.2933 -1320.6374 2692.0000 640.0800 152.4000
11214846 386985.5037 3696483.1990 1280.1600 78.7500 116.7789 -1319.9872 2693.0000 640.0800 152.4000
11214846 387033.4545 3696639.5797 1264.9200 77.3438 117.2933 -1319.6621 2694.0000 640.0800 152.4000
11214846 387076.7569 3696762.5963 1257.3000 74.5312 116.7789 -1319.0118 2695.0000 640.0800 152.4000
11214846 387097.4027 3696829.1926 1249.6800 71.7187 116.7789 -1319.3370 2696.0000 640.0800 152.4000
11214846 386997.1164 3696889.0255 -69.6570 71.7187 116.7789 -1319.3370 2697.0000 640.0800 152.4000
11214846 387173.0498 3696987.7890 1234.4400 70.3125 116.7789 -1319.3370 2698.0000 640.0800 152.4000
11214846 387222.3745 3697079.8554 1226.8200 67.5000 116.7789 -1319.6621 2699.0000 640.0800 152.4000
11214846 387278.9063 3697181.5675 1219.2000 67.5000 116.7789 -1319.6621 2700.0000 640.0800 152.4000
11214846 387348.2911 3697290.3217 1219.2000 59.0625 116.7789 -1321.6128 2701.0000 640.0800 152.4000
11214846 387408.8557 3697372.9516 1211.5800 56.2500 115.7500 -1322.2630 2702.0000 640.0800 152.4000
11214846 387408.8557 3697372.9516 1211.5800 53.4375 115.7500 -1323.2384 2703.0000 640.0800 152.4000
11214846 387564.9608 3697556.4189 1203.9600 50.6250 115.2356 -1324.5389 2704.0000 640.0800 152.4000
11214846 387679.9106 3697679.0284 1196.3400 47.8125 115.2356 -1325.1891 2705.0000 640.0800 152.4000
11214846 387746.5800 3697737.9003 1196.3400 45.0000 114.2067 -1325.5142 2706.0000 640.0800 152.4000
11214846 387833.3037 3697813.0379 1188.7200 42.1875 114.2067 -1326.1645 2707.0000 640.0800 152.4000
11214846 387934.2144 3697888.0118 1188.7200 40.7812 113.1778 -1326.4896 2708.0000 640.0800 152.4000
11214846 388014.3254 3697943.7686 1181.1000 37.9687 112.6633 -1326.8147 2709.0000 640.0800 152.4000
11214846 388123.0368 3698018.6540 1181.1000 36.5625 111.6344 -1327.1398 2710.0000 640.0800 152.4000
11214846 388225.9638 3698084.3011 1173.4800 33.7500 110.6056 -1327.4650 2711.0000 640.0800 152.4000
11214846 388348.0675 3698151.8429 1173.4800 32.3437 110.0911 -1327.7901 2712.0000 640.0800 152.4000
11214846 388414.0800 3698239.9474 -154.3101 32.3437 110.0911 -1327.7901 2713.0000 640.0800 152.4000
11214846 388440.1847 3698203.2343 1165.8600 30.9375 109.0622 -1328.1152 2714.0000 640.0800 152.4000
11214846 388533.0347 3698256.7331 1165.8600 30.9375 109.0622 -1328.1152 2715.0000 640.0800 152.4000
11214846 388621.5201 3698300.9767 1165.8600 29.5312 107.5189 -1328.4403 2716.0000 640.0800 152.4000
11214846 388721.4620 3698354.3957 1158.2400 29.5312 107.0044 -1328.4403 2717.0000 640.0800 152.4000
11214846 388805.7185 3698401.2276 1158.2400 29.5312 106.4900 -1328.1152 2718.0000 640.0800 152.4000
11214846 388898.5111 3698450.0773 1150.6200 28.1250 105.9756 -1328.1152 2719.0000 640.0800 152.4000
11214846 389004.8632 3698505.9636 1150.6200 28.1250 105.4611 -1327.7901 2720.0000 640.0800 152.4000
11214846 389129.0598 3698571.3757 1143.0000 28.1250 104.9467 -1327.4650 2721.0000 640.0800 152.4000
11214846 389211.1504 3698615.2748 1135.3800 28.1250 104.9467 -1327.4650 2722.0000 640.0800 152.4000
11214846 389303.9436 3698664.5513 1135.3800 28.1250 104.4322 -1327.1398 2723.0000 640.0800 152.4000
11214846 389408.1338 3698717.9284 1127.7600 28.1250 104.4322 -1327.1398 2724.0000 640.0800 152.4000
11214846 389490.2509 3698764.3676 1127.7600 29.5312 103.4033 -1327.4650 2725.0000 640.0800 152.4000
11214846 389570.9243 3698808.7088 1120.1400 29.5312 103.4033 -1327.4650 2726.0000 640.0800 152.4000
11214846 389669.3884 3698857.9239 1120.1400 29.5312 102.8889 -1327.4650 2727.0000 640.0800 152.4000
11214846 389757.2308 3698908.9531 1112.5200 29.5312 102.3744 -1327.4650 2728.0000 640.0800 152.4000
11214846 389857.8450 3698960.2606 1104.9000 29.5312 102.3744 -1327.4650 2729.0000 640.0800 152.4000
11214846 389948.5275 3699011.6822 1104.9000 29.5312 101.8600 -1327.4650 2730.0000 640.0800 152.4000
11214846 389917.0732 3698914.8004 -222.5650 29.5312 101.8600 -1327.4650 2731.0000 640.0800 152.4000
11214846 389885.6189 3698817.9186 -1550.0300 29.5312 101.8600 -1327.4650 2732.0000 640.0800 152.4000
11214846 389948.5275 3699011.6822 1104.9000 26.7188 100.8311 -1327.7901 2733.0000 640.0800 152.4000
11214846 389946.9886 3699112.5016 -222.8901 26.7188 100.8311 -1327.7901 2734.0000 640.0800 152.4000
11214846 389948.5275 3699011.6822 1104.9000 22.5000 99.2878 -1328.7654 2735.0000 640.0800 152.4000
11214846 389861.8190 3698963.3117 -223.8654 22.5000 99.2878 -1328.7654 2736.0000 640.0800 152.4000
11214846 389775.1105 3698914.9412 -1552.6308 22.5000 99.2878 -1328.7654 2737.0000 640.0800 152.4000
11214846 389688.4020 3698866.5707 -2881.3962 22.5000 99.2878 -1328.7654 2738.0000 640.0800 152.4000
11214846 389601.6935 3698818.2003 -4210.1616 22.5000 99.2878 -1328.7654 2739.0000 640.0800 152.4000
11214846 389514.9850 3698769.8298 -5538.9270 22.5000 99.2878 -1328.7654 2740.0000 640.0800 152.4000
11214846 390964.3260 3699380.8875 1074.4200 22.5000 99.2878 -1328.7654 2741.0000 640.0800 152.4000
11214846 391046.0006 3699389.2730 1066.8000 12.6563 96.2011 -1331.3664 2742.0000 640.0800 152.4000
11214846 391139.8189 3699405.1368 1066.8000 11.2500 96.2011 -1331.0413 2743.0000 640.0800 152.4000
11214846 391181.7199 3699409.3182 1059.1800 8.4375 95.1722 -1328.7654 2744.0000 640.0800 152.4000
11214846 391287.5911 3699424.6247 1051.5600 7.0313 94.6578 -1326.8147 2745.0000 640.0800 152.4000
11214846 391287.5911 3699424.6247 1051.5600 5.6250 94.1433 -1326.1645 2746.0000 640.0800 152.4000
11214846 391483.5188 3699436.8059 1043.9400 5.6250 94.1433 -1326.1645 2747.0000 640.0800 152.4000
11214846 391611.2444 3699440.0261 1036.3200 4.2188 93.6289 -1325.5142 2748.0000 640.0800 152.4000
11214846 391656.6393 3699439.5173 1028.7000 2.8125 93.6289 -1325.1891 2749.0000 640.0800 152.4000
11214846 391760.9627 3699443.4248 1021.0800 2.8125 93.1144 -1325.5142 2750.0000 640.0800 152.4000
11214846 391852.4619 3699442.4008 1021.0800 1.4063 93.1144 -1325.1891 2751.0000 640.0800 152.4000
11214846 391938.3103 3699443.5559 1013.4600 1.4063 93.1144 -1324.8640 2752.0000 640.0800 152.4000
11214846 392075.9420 3699444.5565 998.2200 0.0000 93.1144 -1324.5389 2753.0000 640.0800 152.4000
11214846 392125.6162 3699446.1171 998.2200 0.0000 93.1144 -1324.8640 2754.0000 640.0800 152.4000
11214846 392219.9006 3699440.4123 990.6000 0.0000 93.1144 -1325.1891 2755.0000 640.0800 152.4000
11214846 392345.4458 3699439.0134 982.9800 0.0000 93.1144 -1325.5142 2756.0000 640.0800 152.4000
11214846 392439.0728 3699437.9712 975.3600 0.0000 93.1144 -1325.5142 2757.0000 640.0800 152.4000
11214846 392540.4785 3699434.7284 975.3600 0.0000 93.1144 -1325.8394 2758.0000 640.0800 152.4000
11214846 392626.3267 3699435.8896 967.7400 0.0000 92.6000 -1325.8394 2759.0000 640.0800 152.4000
11214846 392746.1740 3699432.4441 960.1200 0.0000 92.6000 -1325.8394 2760.0000 640.0800 152.4000
11214846 392838.3823 3699431.4216 952.5000 0.0000 92.6000 -1326.1645 2761.0000 640.0800 152.4000
11214846 392939.7553 3699425.2222 952.5000 0.0000 92.6000 -1326.1645 2762.0000 640.0800 152.4000
11214846 393041.1845 3699424.0995 944.8800 0.0000 92.6000 -1326.1645 2763.0000 640.0800 152.4000
11214846 393133.7845 3699424.0995 -381.2845 0.0000 92.6000 -1326.1645 2764.0000 640.0800 152.4000
11214846 393089.4165 3699423.5659 944.8800 0.0000 92.6000 -1326.1645 2765.0000 640.0800 152.4000
11214846 393173.1133 3699422.6407 937.2600 0.0000 92.6000 -1326.1645 2766.0000 640.0800 152.4000
11214846 393349.0184 3699420.6985 929.6400 0.0000 92.6000 -1326.1645 2767.0000 640.0800 152.4000
11214846 393434.1337 3699419.7599 922.0200 0.0000 92.6000 -1326.1645 2768.0000 640.0800 152.4000
11214846 393434.1337 3699419.7599 922.0200 0.0000 92.0856 -1326.1645 2769.0000 640.0800 152.4000
11214846 393434.1337 3699419.7599 922.0200 0.0000 92.0856 -1326.1645 2770.0000 640.0800 152.4000
11214846 393715.6724 3699412.0073 906.7800 0.0000 91.5711 -1326.1645 2771.0000 640.0800 152.4000
11214846 393787.3112 3699411.2200 899.1600 0.0000 91.5711 -1326.1645 2772.0000 640.0800 152.4000
11214846 393878.8823 3699411.2200 -427.0045 0.0000 91.5711 -1326.1645 2773.0000 640.0800 152.4000
11214846 393970.4534 3699411.2200 -1753.1690 0.0000 91.5711 -1326.1645 2774.0000 640.0800 152.4000
11214846 393954.7047 3699409.3823 891.5400 0.0000 91.0567 -1325.8394 2775.0000 640.0800 152.4000
11214846 394045.7614 3699409.3823 -434.2994 0.0000 91.0567 -1325.8394 2776.0000 640.0800 152.4000
11214846 394136.8181 3699409.3823 -1760.1388 0.0000 91.0567 -1325.8394 2777.0000 640.0800 152.4000
11214846 394227.8748 3699409.3823 -3085.9782 0.0000 91.0567 -1325.8394 2778.0000 640.0800 152.4000
11214846 394498.0239 3699403.4376 861.0600 0.0000 91.0567 -1325.8394 2779.0000 640.0800 152.4000
11214846 394579.5927 3699402.5478 853.4400 0.0000 90.5422 -1327.4650 2780.0000 640.0800 152.4000
11214846 394671.0915 3699401.5505 853.4400 0.0000 90.5422 -1327.4650 2781.0000 640.0800 152.4000
11214846 394756.9160 3699400.6158 845.8200 0.0000 90.5422 -1327.4650 2782.0000 640.0800 152.4000
11214846 394862.6008 3699399.4658 845.8200 0.0000 90.5422 -1327.4650 2783.0000 640.0800 152.4000
11214846 394950.5531 3699398.5097 838.2000 0.0000 90.5422 -1327.4650 2784.0000 640.0800 152.4000
11214846 395038.5055 3699397.5543 838.2000 0.0000 90.0278 -1327.4650 2785.0000 640.0800 152.4000
11214846 395120.0742 3699396.6691 830.5800 0.0000 90.0278 -1327.1398 2786.0000 640.0800 152.4000
11214846 395210.1020 3699396.6691 -496.5598 0.0000 90.0278 -1327.1398 2787.0000 640.0800 152.4000
11214846 395215.8288 3699395.6307 830.5800 0.0000 89.5133 -1327.1398 2788.0000 640.0800 152.4000
11214846 395319.3855 3699394.5088 822.9600 0.0000 89.5133 -1327.1398 2789.0000 640.0800 152.4000
11214846 395413.0122 3699393.4954 815.3400 0.0000 89.5133 -1327.7901 2790.0000 640.0800 152.4000
11214846 395493.1623 3699392.6287 815.3400 0.0000 89.5133 -1327.7901 2791.0000 640.0800 152.4000
11214846 395591.0447 3699391.5710 807.7200 0.0000 88.9989 -1327.4650 2792.0000 640.0800 152.4000
11214846 395674.7412 3699390.6674 807.7200 0.0000 88.4844 -1327.1398 2793.0000 640.0800 152.4000
11214846 395758.4377 3699389.7646 800.1000 0.0000 88.4844 -1327.1398 2794.0000 640.0800 152.4000
11214846 395868.3780 3699388.5797 792.4800 0.0000 87.9700 -1326.8147 2795.0000 640.0800 152.4000
11214846 395937.8886 3699387.8313 792.4800 0.0000 87.4556 -1326.8147 2796.0000 640.0800 152.4000
11214846 396013.7829 3699387.0146 784.8600 0.0000 87.4556 -1326.4896 2797.0000 640.0800 152.4000
11214846 396091.8050 3699386.1757 784.8600 0.0000 86.9411 -1326.1645 2798.0000 640.0800 152.4000
11214846 396177.6294 3699385.2536 777.2400 0.0000 86.9411 -1326.4896 2799.0000 640.0800 152.4000
11214846 396310.9763 3699383.8224 769.6200 0.0000 86.4267 -1326.8147 2800.0000 640.0800 152.4000
11214846 396357.0802 3699383.3280 769.6200 0.0000 86.4267 -1326.8147 2801.0000 640.0800 152.4000
11214846 396514.5430 3699381.6412 762.0000 0.0000 85.9122 -1326.8147 2802.0000 640.0800 152.4000
11214846 396596.1115 3699380.7684 754.3800 0.0000 84.8833 -1327.4650 2803.0000 640.0800 152.4000
11214846 396596.1115 3699380.7684 754.3800 0.0000 84.8833 -1327.4650 2804.0000 640.0800 152.4000
11214846 396774.1437 3699378.8657 746.7600 0.0000 84.8833 -1327.4650 2805.0000 640.0800 152.4000
11214846 396861.3865 3699377.9346 739.1400 0.0000 83.8544 -1327.4650 2806.0000 640.0800 152.4000
11214846 396943.7139 3699381.7097 739.1400 0.0000 83.3400 -1327.1398 2807.0000 640.0800 152.4000
11214846 397025.2823 3699380.8405 731.5200 0.0000 81.7967 -1327.1398 2808.0000 640.0800 152.4000
11214846 397096.9207 3699380.0777 731.5200 0.0000 81.2822 -1327.1398 2809.0000 640.0800 152.4000
11214846 397189.1285 3699379.0966 723.9000 0.0000 81.2822 -1327.4650 2810.0000 640.0800 152.4000
11214846 397270.4107 3699379.0966 -603.5650 0.0000 81.2822 -1327.4650 2811.0000 640.0800 152.4000
11214846 397189.1285 3699379.0966 723.9000 0.0000 80.7678 -1327.4650 2812.0000 640.0800 152.4000
11214846 397362.1954 3699377.2576 716.2800 0.0000 80.2533 -1327.4650 2813.0000 640.0800 152.4000
11214846 397438.0895 3699376.4521 716.2800 0.0000 80.2533 -1327.4650 2814.0000 640.0800 152.4000
11214846 397499.7977 3699375.7977 708.6600 0.0000 79.7389 -1327.7901 2815.0000 640.0800 152.4000
11214846 397597.6798 3699374.7603 708.6600 0.0000 79.7389 -1327.7901 2816.0000 640.0800 152.4000
11214846 397683.5039 3699373.8516 701.0400 0.0000 79.2244 -1327.7901 2817.0000 640.0800 152.4000
11214846 397775.0023 3699372.8837 701.0400 0.0000 79.2244 -1327.7901 2818.0000 640.0800 152.4000
11214846 397847.3499 3699372.1189 693.4200 0.0000 79.2244 -1327.7901 2819.0000 640.0800 152.4000
11214846 397966.4615 3699366.2080 685.8000 0.0000 79.2244 -1327.7901 2820.0000 640.0800 152.4000
11214846 398052.2856 3699365.3025 685.8000 0.0000 79.2244 -1327.4650 2821.0000 640.0800 152.4000
11214846 398118.2496 3699364.6071 678.1800 0.0000 79.2244 -1327.4650 2822.0000 640.0800 152.4000
11214846 398211.8758 3699363.6209 678.1800 0.0000 79.2244 -1327.4650 2823.0000 640.0800 152.4000
11214846 398292.0256 3699362.7773 670.5600 0.0000 79.2244 -1327.4650 2824.0000 640.0800 152.4000
11214846 398292.0256 3699362.7773 670.5600 0.0000 79.7389 -1327.1398 2825.0000 640.0800 152.4000
11214846 398405.5120 3699361.5840 662.9400 0.0000 79.7389 -1327.1398 2826.0000 640.0800 152.4000
11214846 398561.5557 3699359.9454 655.3200 0.0000 79.2244 -1327.1398 2827.0000 640.0800 152.4000
11214846 398640.7801 3699359.9454 -671.8198 0.0000 79.2244 -1327.1398 2828.0000 640.0800 152.4000
11214846 398648.7983 3699359.0304 655.3200 0.0000 79.2244 -1327.1398 2829.0000 640.0800 152.4000
11214846 398648.7983 3699359.0304 655.3200 0.0000 79.2244 -1327.4650 2830.0000 640.0800 152.4000
11214846 398731.0759 3699358.1682 647.7000 0.0000 79.2244 -1327.4650 2831.0000 640.0800 152.4000
11214846 398894.2124 3699356.4606 640.0800 0.0000 79.2244 -1327.4650 2832.0000 640.0800 152.4000
11214846 398974.3621 3699355.6227 640.0800 0.0000 79.2244 -1327.4650 2833.0000 640.0800 152.4000
11214846 399048.1282 3699354.8521 632.4600 1.4063 79.2244 -1327.4650 2834.0000 640.0800 152.4000
11214846 399061.1016 3699433.0070 -695.0050 1.4063 79.2244 -1327.4650 2835.0000 640.0800 152.4000
11214846 399074.0751 3699511.1620 -2022.4700 1.4063 79.2244 -1327.4650 2836.0000 640.0800 152.4000
11214846 399297.1370 3699356.9081 624.8400 1.4063 79.2244 -1327.7901 2837.0000 640.0800 152.4000
11214846 399310.1104 3699435.0630 -702.9501 1.4063 79.2244 -1327.7901 2838.0000 640.0800 152.4000
11214846 399424.8090 3699355.5790 617.2200 0.0000 79.2244 -1327.7901 2839.0000 640.0800 152.4000
11214846 399536.8765 3699354.4138 609.6000 0.0000 79.2244 -1327.7901 2840.0000 640.0800 152.4000
11214846 399616.1009 3699354.4138 -718.1901 0.0000 79.2244 -1327.7901 2841.0000 640.0800 152.4000
11214846 399686.5363 3699352.8597 601.9800 0.0000 79.2244 -1327.4650 2842.0000 640.0800 152.4000
11214846 399782.2902 3699351.8665 601.9800 0.0000 79.2244 -1327.7901 2843.0000 640.0800 152.4000
11214846 399863.8583 3699351.0213 594.3600 0.0000 79.2244 -1328.1152 2844.0000 640.0800 152.4000
11214846 399957.4843 3699350.0520 594.3600 0.0000 79.7389 -1328.1152 2845.0000 640.0800 152.4000
11214846 400047.5639 3699349.1202 586.7400 0.0000 79.7389 -1328.1152 2846.0000 640.0800 152.4000
11214846 400115.6555 3699348.4164 586.7400 0.0000 79.7389 -1327.4650 2847.0000 640.0800 152.4000
11214846 400192.9678 3699347.6179 579.1200 0.0000 79.2244 -1327.4650 2848.0000 640.0800 152.4000
11214846 400276.6638 3699346.7542 571.5000 -1.4062 79.2244 -1327.7901 2849.0000 640.0800 152.4000
11214846 400354.6374 3699341.2972 571.5000 -1.4062 79.2244 -1327.7901 2850.0000 640.0800 152.4000
11214846 400432.6591 3699340.4933 563.8800 -1.4062 79.7389 -1327.7901 2851.0000 640.0800 152.4000
11214846 400445.7246 3699261.8321 -763.9101 -1.4062 79.7389 -1327.7901 2852.0000 640.0800 152.4000
11214846 400502.1693 3699339.7777 563.8800 0.0000 79.7389 -1326.8147 2853.0000 640.0800 152.4000
11214846 400502.1693 3699339.7777 563.8800 0.0000 79.7389 -1326.8147 2854.0000 640.0800 152.4000
11214846 400656.0847 3699338.1948 556.2600 0.0000 79.2244 -1326.8147 2855.0000 640.0800 152.4000
11214846 400775.2927 3699341.6235 548.6400 0.0000 79.2244 -1327.1398 2856.0000 640.0800 152.4000
11214846 400823.5242 3699341.1286 548.6400 0.0000 79.2244 -1327.1398 2857.0000 640.0800 152.4000
11214846 400907.2201 3699340.2703 541.0200 0.0000 78.7100 -1327.4650 2858.0000 640.0800 152.4000
11214846 400995.1717 3699339.3692 541.0200 0.0000 78.7100 -1327.4650 2859.0000 640.0800 152.4000
11214846 400995.1717 3699339.3692 541.0200 0.0000 78.1956 -1327.4650 2860.0000 640.0800 152.4000
11214846 401156.8891 3699337.7144 533.4000 0.0000 78.1956 -1327.4650 2861.0000 640.0800 152.4000
11214846 401300.1649 3699336.2506 525.7800 0.0000 77.6811 -1327.4650 2862.0000 640.0800 152.4000
11214846 401392.3722 3699335.3096 518.1600 0.0000 77.6811 -1327.7901 2863.0000 640.0800 152.4000
11214846 401464.0101 3699334.5792 518.1600 0.0000 77.6811 -1327.7901 2864.0000 640.0800 152.4000
11214846 401464.0101 3699334.5792 518.1600 0.0000 77.6811 -1327.7901 2865.0000 640.0800 152.4000
11214846 401541.6912 3699334.5792 -809.6301 0.0000 77.6811 -1327.7901 2866.0000 640.0800 152.4000
11214846 401619.3723 3699334.5792 -2137.4202 0.0000 77.6811 -1327.7901 2867.0000 640.0800 152.4000
11214846 401697.0534 3699334.5792 -3465.2103 0.0000 77.6811 -1327.7901 2868.0000 640.0800 152.4000
11214846 401774.7345 3699334.5792 -4793.0004 0.0000 77.6811 -1327.7901 2869.0000 640.0800 152.4000
11214846 401918.6625 3699329.9558 495.3000 0.0000 77.6811 -1327.7901 2870.0000 640.0800 152.4000
11214846 401918.6625 3699329.9558 495.3000 0.0000 78.1956 -1327.7901 2871.0000 640.0800 152.4000
11214846 401996.8581 3699329.9558 -832.4901 0.0000 78.1956 -1327.7901 2872.0000 640.0800 152.4000
11214846 402152.0175 3699327.5911 480.0600 0.0000 78.1956 -1327.7901 2873.0000 640.0800 152.4000
11214846 402230.2131 3699327.5911 -847.7301 0.0000 78.1956 -1327.7901 2874.0000 640.0800 152.4000
11214846 402308.4087 3699327.5911 -2175.5202 0.0000 78.1956 -1327.7901 2875.0000 640.0800 152.4000
11214846 402397.4304 3699325.1103 472.4400 0.0000 78.1956 -1327.7901 2876.0000 640.0800 152.4000
11214846 402397.4304 3699325.1103 472.4400 0.0000 78.7100 -1327.1398 2877.0000 640.0800 152.4000
11214846 402562.6938 3699323.4432 464.8200 0.0000 78.7100 -1327.1398 2878.0000 640.0800 152.4000
11214846 402562.6938 3699323.4432 464.8200 0.0000 78.7100 -1326.8147 2879.0000 640.0800 152.4000
11214846 402720.8644 3699321.8503 449.5800 0.0000 78.7100 -1326.8147 2880.0000 640.0800 152.4000
11214846 402782.5722 3699321.2296 449.5800 0.0000 78.7100 -1327.1398 2881.0000 640.0800 152.4000
11214846 402876.1979 3699320.2885 441.9600 0.0000 78.7100 -1327.4650 2882.0000 640.0800 152.4000
11214846 402954.2192 3699319.5050 441.9600 0.0000 78.7100 -1327.4650 2883.0000 640.0800 152.4000
11214846 403025.8570 3699318.7861 434.3400 0.0000 78.7100 -1327.4650 2884.0000 640.0800 152.4000
11214846 403095.3669 3699318.0891 434.3400 0.0000 78.7100 -1327.4650 2885.0000 640.0800 152.4000
11214846 403179.7718 3699317.2434 426.7200 0.0000 78.7100 -1327.4650 2886.0000 640.0800 152.4000
11214846 403257.0838 3699316.4694 426.7200 0.0000 79.2244 -1327.4650 2887.0000 640.0800 152.4000
11214846 403336.3082 3699316.4694 -900.7450 0.0000 79.2244 -1327.4650 2888.0000 640.0800 152.4000
11214846 403342.9072 3699315.6110 419.1000 0.0000 79.2244 -1327.1398 2889.0000 640.0800 152.4000
11214846 403428.6842 3699310.1008 419.1000 0.0000 79.2244 -1327.1398 2890.0000 640.0800 152.4000
11214846 403516.6819 3699313.8751 411.4800 0.0000 79.2244 -1327.1398 2891.0000 640.0800 152.4000
11214846 403606.0054 3699308.3311 403.8600 0.0000 79.2244 -1327.4650 2892.0000 640.0800 152.4000
11214846 403674.1430 3699312.3049 403.8600 0.0000 79.2244 -1327.7901 2893.0000 640.0800 152.4000
11214846 403753.3674 3699312.3049 -923.9301 0.0000 79.2244 -1327.7901 2894.0000 640.0800 152.4000
11214846 403855.7198 3699310.4974 396.2400 0.0000 79.2244 -1327.1398 2895.0000 640.0800 152.4000
11214846 403933.7410 3699309.7218 388.6200 0.0000 79.2244 -1327.1398 2896.0000 640.0800 152.4000
11214846 404013.1808 3699308.9327 381.0000 0.0000 79.2244 -1327.1398 2897.0000 640.0800 152.4000
11214846 404013.1808 3699308.9327 381.0000 0.0000 78.7100 -1327.1398 2898.0000 640.0800 152.4000
11214846 404180.5718 3699307.2721 373.3800 0.0000 79.2244 -1327.4650 2899.0000 640.0800 152.4000
11214846 404252.8727 3699301.9029 373.3800 0.0000 79.2244 -1327.7901 2900.0000 640.0800 152.4000
11214846 404330.1846 3699301.1375 365.7600 0.0000 79.2244 -1327.7901 2901.0000 640.0800 152.4000
11214846 404408.2059 3699300.3657 365.7600 0.0000 79.2244 -1328.1152 2902.0000 640.0800 152.4000
11214846 404486.2271 3699299.5945 358.1400 0.0000 79.2244 -1328.4403 2903.0000 640.0800 152.4000
11214846 404486.2271 3699299.5945 358.1400 0.0000 79.2244 -1328.4403 2904.0000 640.0800 152.4000
11214846 404647.9438 3699297.9981 350.5200 0.0000 79.2244 -1328.4403 2905.0000 640.0800 152.4000
11214846 404727.3835 3699297.2149 350.5200 0.0000 79.2244 -1328.7654 2906.0000 640.0800 152.4000
11214846 404806.6079 3699297.2149 -978.2454 0.0000 79.2244 -1328.7654 2907.0000 640.0800 152.4000
11214846 404885.8323 3699297.2149 -2307.0108 0.0000 79.2244 -1328.7654 2908.0000 640.0800 152.4000
11214846 404965.0567 3699297.2149 -3635.7762 0.0000 79.2244 -1328.7654 2909.0000 640.0800 152.4000
11214846 405070.7016 3699296.3756 30899.1000 0.0000 79.7389 -665.8458 2910.0000 640.0800 152.4000
11214846 405136.6649 3699295.7281 30899.1000 0.0000 77.1667 -665.8458 2911.0000 640.0800 152.4000
11214846 405206.1747 3699295.0463 30899.1000 0.0000 74.5944 -665.8458 2912.0000 640.0800 152.4000
11214846 405274.2658 3699294.3789 30899.1000 0.0000 72.0222 -665.8458 2913.0000 640.0800 152.4000
11214846 405341.6684 3699295.8336 30899.1000 0.0000 69.4500 -665.8458 2914.0000 640.0800 152.4000
11214846 405411.1184 3699295.8336 30233.2542 0.0000 69.4500 -665.8458 2915.0000 640.0800 152.4000
11214846 405480.5684 3699295.8336 29567.4084 0.0000 69.4500 -665.8458 2916.0000 640.0800 152.4000
11214846 405501.2570 3699294.2724 30899.1000 0.0000 64.3056 -665.8458 2917.0000 640.0800 152.4000
11214846 405537.4304 3699293.9188 30899.1000 0.0000 64.3056 -665.8458 2918.0000 640.0800 152.4000
11214846 405589.2080 3699293.4131 30899.1000 0.0000 61.7333 -665.8458 2919.0000 640.0800 152.4000
11214846 405665.1012 3699292.6722 30899.1000 0.0000 56.5889 -665.8458 2920.0000 640.0800 152.4000
11214846 405709.0767 3699292.2432 30899.1000 0.0000 51.4444 -665.8458 2921.0000 640.0800 152.4000
11214846 405754.4708 3699291.8005 30899.1000 0.0000 74.0800 -665.8458 2922.0000 640.0800 152.4000
11214846 405810.4835 3699289.1397 30899.1000 0.0000 70.9933 -665.8458 2923.0000 640.0800 152.4000
11214846 405834.5991 3699288.9048 30899.1000 0.0000 67.9067 -665.8458 2924.0000 640.0800 152.4000
11214846 405892.0715 3699290.4601 30899.1000 0.0000 65.8489 -665.8458 2925.0000 640.0800 152.4000
11214846 405934.6285 3699290.0459 30899.1000 0.0000 62.7622 -665.8458 2926.0000 640.0800 152.4000
11214846 405944.5378 3699287.8345 30899.1000 0.0000 47.8433 -665.8458 2927.0000 640.0800 152.4000
11214846 405982.1503 3699289.5836 30899.1000 0.0000 45.7856 -665.8458 2928.0000 640.0800 152.4000
11214846 406009.8123 3699289.3147 30899.1000 0.0000 43.7278 -665.8458 2929.0000 640.0800 152.4000
11214846 406048.1136 3699288.9424 30899.1000 0.0000 42.1844 -665.8458 2930.0000 640.0800 152.4000
11214846 406073.6477 3699288.6943 30899.1000 0.0000 40.6411 -665.8458 2931.0000 640.0800 152.4000
11214846 406089.9612 3699288.5358 30899.1000 0.0000 38.5833 -665.8458 2932.0000 640.0800 152.4000
11214846 406117.6232 3699288.2671 30899.1000 0.0000 36.5256 -665.8458 2933.0000 640.0800 152.4000
11214846 406136.0645 3699288.0880 30899.1000 2.8125 34.4678 -665.8458 2934.0000 640.0800 152.4000
11214846 406153.8212 3699290.4536 30899.1000 2.8125 32.4100 -665.8458 2935.0000 640.0800 152.4000
11214846 406171.5533 3699290.2815 30899.1000 2.8125 30.8667 -665.8458 2936.0000 640.0800 152.4000
11214846 406177.9368 3699290.2195 30899.1000 5.6250 29.3233 -665.8458 2937.0000 640.0800 152.4000
11214846 406201.3882 3699294.6449 30899.1000 5.6250 28.2944 -665.8458 2938.0000 640.0800 152.4000
11214846 406217.7263 3699297.0243 30899.1000 8.4375 27.2656 -665.8458 2939.0000 640.0800 152.4000
11214846 406229.8292 3699301.5599 30899.1000 11.2500 26.7511 -665.8458 2940.0000 640.0800 152.4000
11214846 406244.0600 3699306.0748 30899.1000 16.8750 26.7511 -665.8458 2941.0000 640.0800 152.4000
11214846 406233.5501 3699281.4747 30233.2542 16.8750 26.7511 -665.8458 2942.0000 640.0800 152.4000
11214846 406259.7339 3699313.1136 30899.1000 22.5000 26.7511 -665.8458 2943.0000 640.0800 152.4000
11214846 406273.9892 3699320.1663 30899.1000 25.3125 26.7511 -665.8458 2944.0000 640.0800 152.4000
11214846 406283.9888 3699327.2602 30899.1000 28.1250 26.7511 -665.8458 2945.0000 640.0800 152.4000
11214846 406293.9884 3699334.3542 30899.1000 30.9375 26.7511 -665.8458 2946.0000 640.0800 152.4000
11214846 406309.6827 3699343.5079 30899.1000 33.7500 26.7511 -665.8458 2947.0000 640.0800 152.4000
11214846 406321.8101 3699350.5812 30899.1000 33.7500 26.2367 -665.8458 2948.0000 640.0800 152.4000
11214846 406329.7064 3699360.2336 30899.1000 36.5625 25.7222 -665.8458 2949.0000 640.0800 152.4000
11214846 406338.2628 3699364.8036 30899.1000 36.5625 25.7222 -665.8458 2950.0000 640.0800 152.4000
11214846 406353.9815 3699376.4951 30899.1000 36.5625 25.2078 -665.8458 2951.0000 640.0800 152.4000
11214846 406361.8532 3699383.6097 30899.1000 36.5625 24.6933 -665.8458 2952.0000 640.0800 152.4000
11214846 406372.5374 3699388.1591 30899.1000 33.7500 23.6644 -665.8458 2953.0000 640.0800 152.4000
11214846 406380.3845 3699392.7361 30899.1000 30.9375 23.1500 -665.8458 2954.0000 640.0800 152.4000
11214846 406392.4667 3699395.1570 30899.1000 25.3125 22.6356 -665.8458 2955.0000 640.0800 152.4000
11214846 406402.4416 3699399.7134 30899.1000 22.5000 22.1211 -665.8458 2956.0000 640.0800 152.4000
11214846 406408.1403 3699402.1961 30899.1000 22.5000 21.6067 -665.8458 2957.0000 640.0800 152.4000
11214846 406389.2711 3699391.6699 30233.2542 22.5000 21.6067 -665.8458 2958.0000 640.0800 152.4000
11214846 406418.1152 3699406.7525 30899.1000 22.5000 21.0922 -665.8458 2959.0000 640.0800 152.4000
11214846 406422.3954 3699409.2490 30899.1000 25.3125 20.5778 -665.8458 2960.0000 640.0800 152.4000
11214846 406430.2424 3699413.8260 30899.1000 25.3125 20.5778 -665.8458 2961.0000 640.0800 152.4000
11214846 406436.6709 3699418.4167 30899.1000 36.5625 20.0633 -665.8458 2962.0000 640.0800 152.4000
11214846 406444.5425 3699425.5314 30899.1000 45.0000 7.2022 -665.8458 2963.0000 640.0800 152.4000
11214846 406448.1584 3699432.6872 30899.1000 50.6250 7.2022 -665.8458 2964.0000 640.0800 152.4000
11214846 406452.5082 3699442.3740 30899.1000 59.0625 20.0633 -665.8458 2965.0000 640.0800 152.4000
11214846 406452.5532 3699447.0264 30899.1000 64.6875 20.0633 -665.8458 2966.0000 640.0800 152.4000
11214846 406454.7710 3699456.3108 30899.1000 70.3125 20.0633 -665.8458 2967.0000 640.0800 152.4000
11214846 406456.9684 3699463.4804 30899.1000 75.9375 20.0633 -665.8458 2968.0000 640.0800 152.4000
11214846 406457.0380 3699470.6706 30899.1000 81.5625 20.0633 -665.8458 2969.0000 640.0800 152.4000
11214846 406457.1076 3699477.8608 30899.1000 84.3750 20.0633 -665.8458 2970.0000 640.0800 152.4000
11214846 406457.1976 3699487.1658 30899.1000 87.1875 20.0633 -665.8458 2971.0000 640.0800 152.4000
11214846 406457.2467 3699492.2412 30899.1000 87.1875 7.2022 -665.8458 2972.0000 640.0800 152.4000
11214846 406457.3122 3699499.0085 30899.1000 90.0000 7.2022 -665.8458 2973.0000 640.0800 152.4000
11214846 406457.4064 3699508.7364 30899.1000 90.0000 7.2022 -665.8458 2974.0000 640.0800 152.4000
11214846 406457.4514 3699513.3889 30899.1000 90.0000 7.2022 -665.8458 2975.0000 640.0800 152.4000
11214846 406457.5455 3699523.1168 30899.1000 90.0000 6.6878 -665.8458 2976.0000 640.0800 152.4000
11214846 406457.5905 3699527.7693 30899.1000 90.0000 6.6878 -665.8458 2977.0000 640.0800 152.4000
11214846 406457.6356 3699532.4217 30899.1000 90.0000 6.6878 -665.8458 2978.0000 640.0800 152.4000
11214846 406454.6390 3699538.4006 30233.2542 90.0000 6.6878 -665.8458 2979.0000 640.0800 152.4000
11214846 406457.7051 3699539.6119 30899.1000 90.0000 6.1733 -665.8458 2980.0000 640.0800 152.4000
11214846 406459.2383 3699551.4409 30899.1000 84.3750 6.1733 -665.8458 2981.0000 640.0800 152.4000
11214846 406453.6742 3699554.1150 30233.2542 84.3750 6.1733 -665.8458 2982.0000 640.0800 152.4000
11214846 406459.3324 3699561.1688 30899.1000 81.5625 6.1733 -665.8458 2983.0000 640.0800 152.4000
11214846 406461.5297 3699568.3384 30899.1000 78.7500 6.6878 -665.8458 2984.0000 640.0800 152.4000
11214846 406465.8753 3699577.6022 30899.1000 75.9375 6.6878 -665.8458 2985.0000 640.0800 152.4000
11214846 406468.0727 3699584.7718 30899.1000 70.3125 7.2022 -665.8458 2986.0000 640.0800 152.4000
11214846 406469.5158 3699587.2958 30899.1000 70.3125 7.2022 -665.8458 2987.0000 640.0800 152.4000
11214846 406471.6886 3699591.9277 30899.1000 67.5000 7.2022 -665.8458 2988.0000 640.0800 152.4000
11214846 406478.1619 3699601.1709 30899.1000 61.8750 7.2022 -665.8458 2989.0000 640.0800 152.4000
11214846 406483.8851 3699606.1915 30899.1000 50.6250 20.0633 -665.8458 2990.0000 640.0800 152.4000
11214846 406491.7769 3699615.4209 30899.1000 45.0000 20.0633 -665.8458 2991.0000 640.0800 152.4000
11214846 406498.1848 3699617.8969 30899.1000 42.1875 20.0633 -665.8458 2992.0000 640.0800 152.4000
11214846 406506.0316 3699622.4739 30899.1000 36.5625 20.0633 -665.8458 2993.0000 640.0800 152.4000
11214846 406512.4599 3699627.0647 30899.1000 30.9375 20.0633 -665.8458 2994.0000 640.0800 152.4000
11214846 406520.2863 3699629.5269 30899.1000 28.1250 20.0633 -665.8458 2995.0000 640.0800 152.4000
11214846 406528.1331 3699634.1040 30899.1000 25.3125 20.0633 -665.8458 2996.0000 640.0800 152.4000
11214846 406533.8072 3699634.0491 30899.1000 22.5000 20.0633 -665.8458 2997.0000 640.0800 152.4000
11214846 406542.3632 3699638.6193 30899.1000 22.5000 20.0633 -665.8458 2998.0000 640.0800 152.4000
11214846 406548.0618 3699641.1022 30899.1000 22.5000 20.0633 -665.8458 2999.0000 640.0800 152.4000
11214846 406554.4696 3699643.5782 30899.1000 22.5000 20.0633 -665.8458 3000.0000 640.0800 152.4000
11214846 406562.2919 3699645.6175 30899.1000 22.5000 7.2022 -665.8458 3001.0000 640.0800 152.4000
11214846 406572.2909 3699652.7117 30899.1000 30.9375 7.2022 -665.8458 3002.0000 640.0800 152.4000
11214846 406577.9895 3699655.1946 30899.1000 30.9375 7.2022 -665.8458 3003.0000 640.0800 152.4000
11214846 406582.2900 3699659.8060 30899.1000 36.5625 7.2022 -665.8458 3004.0000 640.0800 152.4000
11214846 406586.6150 3699666.9550 30899.1000 47.8125 7.2022 -665.8458 3005.0000 640.0800 152.4000
11214846 406581.0540 3699662.3783 30233.2542 47.8125 7.2022 -665.8458 3006.0000 640.0800 152.4000
11214846 406590.2307 3699674.1110 30899.1000 53.4375 7.2022 -665.8458 3007.0000 640.0800 152.4000
11214846 406594.5557 3699681.2601 30899.1000 59.0625 7.2022 -665.8458 3008.0000 640.0800 152.4000
11214846 406596.7039 3699683.3543 30899.1000 59.0625 7.2022 -665.8458 3009.0000 640.0800 152.4000
11214846 406598.2164 3699693.0685 30899.1000 64.6875 7.2022 -665.8458 3010.0000 640.0800 152.4000
11214846 406600.4341 3699702.3529 30899.1000 73.1250 7.2022 -665.8458 3011.0000 640.0800 152.4000
11214846 406602.6313 3699709.5225 30899.1000 78.7500 7.2022 -665.8458 3012.0000 640.0800 152.4000
11214846 406595.5876 3699708.0198 30233.2542 78.7500 7.2022 -665.8458 3013.0000 640.0800 152.4000
11214846 406588.5439 3699706.5172 29567.4084 78.7500 7.2022 -665.8458 3014.0000 640.0800 152.4000
11214846 406581.5002 3699705.0145 28901.5626 78.7500 7.2022 -665.8458 3015.0000 640.0800 152.4000
11214846 406602.9296 3699740.3981 30899.1000 87.1875 7.2022 -665.8458 3016.0000 640.0800 152.4000
11214846 406602.9991 3699747.5883 30899.1000 87.1875 7.2022 -665.8458 3017.0000 640.0800 152.4000
11214846 406605.1963 3699754.7579 30899.1000 90.0000 20.0633 -665.8458 3018.0000 640.0800 152.4000
11214846 406603.1585 3699764.0834 30899.1000 90.0000 20.0633 -665.8458 3019.0000 640.0800 152.4000
11214846 406603.2075 3699769.1589 30899.1000 90.0000 20.0633 -665.8458 3020.0000 640.0800 152.4000
11214846 406605.4497 3699780.9810 30899.1000 90.0000 20.0633 -665.8458 3021.0000 640.0800 152.4000
11214846 406596.4599 3699798.9175 30233.2542 90.0000 20.0633 -665.8458 3022.0000 640.0800 152.4000
11214846 406603.4119 3699790.3065 30899.1000 90.0000 20.5778 -665.8458 3023.0000 640.0800 152.4000
11214846 406605.5887 3699795.3614 30899.1000 90.0000 20.5778 -665.8458 3024.0000 640.0800 152.4000
11214846 406605.7031 3699807.2041 30899.1000 90.0000 20.5778 -665.8458 3025.0000 640.0800 152.4000
11214846 406603.6653 3699816.5296 30899.1000 90.0000 20.5778 -665.8458 3026.0000 640.0800 152.4000
11214846 406605.9074 3699828.3517 30899.1000 90.0000 20.5778 -665.8458 3027.0000 640.0800 152.4000
11214846 406605.9319 3699830.8894 30899.1000 90.0000 20.5778 -665.8458 3028.0000 640.0800 152.4000
11214846 406606.0464 3699842.7321 30899.1000 90.0000 20.5778 -665.8458 3029.0000 640.0800 152.4000
11214846 406606.1159 3699849.9223 30899.1000 90.0000 20.5778 -665.8458 3030.0000 640.0800 152.4000
11214846 406604.0331 3699854.5954 30899.1000 90.0000 21.0922 -665.8458 3031.0000 640.0800 152.4000
