10934723 417379 3.70008e+06 883.92 2.79797 79.7389 0 248.0000 640.0800 152.4000
10934723 417293.1504 3700116.7529 876.3000 2.7980 79.7389 0.0000 249.0000 640.0800 152.4000
10934723 417218.0727 3700143.6161 876.3000 2.7980 79.7389 0.0000 250.0000 640.0800 152.4000
10934723 417142.9950 3700170.4794 876.3000 2.7980 79.7389 0.0000 251.0000 640.0800 152.4000
10934723 417067.9173 3700197.3426 876.3000 2.7980 79.7389 0.0000 252.0000 640.0800 152.4000
10934723 416992.8396 3700224.2058 876.3000 2.7980 79.7389 0.0000 253.0000 640.0800 152.4000
10934723 416917.7620 3700251.0690 876.3000 2.7980 79.7389 0.0000 254.0000 640.0800 152.4000
10934723 416842.6843 3700277.9323 876.3000 2.7980 79.7389 0.0000 255.0000 640.0800 152.4000
10934723 416767.6066 3700304.7955 876.3000 2.7980 79.7389 0.0000 256.0000 640.0800 152.4000
10934723 416692.5289 3700331.6587 876.3000 2.7980 79.7389 0.0000 257.0000 640.0800 152.4000
10934723 416617.4512 3700358.5219 876.3000 2.7980 79.7389 0.0000 258.0000 640.0800 152.4000
10934723 416542.3735 3700385.3852 876.3000 2.7980 79.7389 0.0000 259.0000 640.0800 152.4000
10934723 416467.2958 3700412.2484 876.3000 2.7980 79.7389 0.0000 260.0000 640.0800 152.4000
10934723 416367.5061 3700355.2426 800.1000 2.7980 79.7389 0.0000 261.0000 640.0800 152.4000
10934723 416292.4284 3700382.1058 800.1000 2.7980 79.7389 0.0000 262.0000 640.0800 152.4000
10934723 416217.3507 3700408.9691 800.1000 2.7980 79.7389 0.0000 263.0000 640.0800 152.4000
10934723 416142.2730 3700435.8323 800.1000 2.7980 79.7389 0.0000 264.0000 640.0800 152.4000
10934723 416067.1953 3700462.6955 800.1000 2.7980 79.7389 0.0000 265.0000 640.0800 152.4000
10934723 415992.1177 3700489.5587 800.1000 2.7980 79.7389 0.0000 266.0000 640.0800 152.4000
10934723 416367.5061 3700355.2426 800.1000 3.0680 74.0800 -3.5763 267.0000 640.0800 152.4000
10934723 416293.6268 3700360.6923 796.5237 3.0680 74.0800 -3.5763 268.0000 640.0800 152.4000
10934723 416219.7476 3700366.1421 792.9474 3.0680 74.0800 -3.5763 269.0000 640.0800 152.4000
10934723 416145.8683 3700371.5918 789.3711 3.0680 74.0800 -3.5763 270.0000 640.0800 152.4000
10934723 416071.9890 3700377.0415 785.7948 3.0680 74.0800 -3.5763 271.0000 640.0800 152.4000
10934723 415998.1097 3700382.4912 782.2185 3.0680 74.0800 -3.5763 272.0000 640.0800 152.4000
10934723 416367.5061 3700355.2426 800.1000 3.0680 72.5367 -3.9014 273.0000 640.0800 152.4000
10934723 416367.5061 3700355.2426 800.1000 3.0925 72.0222 -4.2266 274.0000 640.0800 152.4000
10934723 416295.5707 3700358.7766 795.8734 3.0925 72.0222 -4.2266 275.0000 640.0800 152.4000
10934723 415357.0373 3700459.2110 754.3800 3.0925 72.0222 -4.2266 276.0000 640.0800 152.4000
10934723 415179.8273 3700470.4934 739.1400 3.0925 72.0222 -4.2266 277.0000 640.0800 152.4000
10934723 415145.7643 3700468.2545 739.1400 3.0925 72.0222 -4.5517 278.0000 640.0800 152.4000
10934723 415040.1595 3700476.3731 731.5200 3.0925 72.0222 -4.5517 279.0000 640.0800 152.4000
10934723 414972.1191 3700481.6243 731.5200 3.0925 72.0222 -4.5517 280.0000 640.0800 152.4000
10934723 414894.1093 3700482.3111 723.9000 3.0925 72.0222 -4.5517 281.0000 640.0800 152.4000
10934723 414790.6099 3700487.8759 723.9000 3.1170 71.5078 -4.2266 282.0000 640.0800 152.4000
10934723 414716.9000 3700493.6020 716.2800 3.1170 71.5078 -3.9014 283.0000 640.0800 152.4000
10934723 414643.1639 3700496.3679 716.2800 3.1170 71.5078 -3.9014 284.0000 640.0800 152.4000
10934723 414571.6776 3700498.1227 712.3786 3.1170 71.5078 -3.9014 285.0000 640.0800 152.4000
10934723 414573.6867 3700499.5197 708.6600 3.1170 71.5078 -3.9014 286.0000 640.0800 152.4000
10934723 414497.8269 3700502.7285 708.6600 3.1170 71.5078 -3.9014 287.0000 640.0800 152.4000
10934723 414393.5962 3700505.7663 701.0400 3.1170 71.5078 -3.5763 288.0000 640.0800 152.4000
10934723 414316.3182 3700508.9891 701.0400 3.1170 71.5078 -3.5763 289.0000 640.0800 152.4000
10934723 414244.8319 3700510.7439 697.4637 3.1170 71.5078 -3.5763 290.0000 640.0800 152.4000
10934723 414174.4823 3700510.2477 693.4200 3.1170 71.5078 -3.5763 291.0000 640.0800 152.4000
10934723 414108.5511 3700513.3714 685.8000 3.1170 72.0222 -3.5763 292.0000 640.0800 152.4000
10934723 414034.8153 3700516.1420 685.8000 3.1170 72.0222 -3.5763 293.0000 640.0800 152.4000
10934723 413931.2751 3700517.0637 678.1800 3.1170 72.0222 -3.9014 294.0000 640.0800 152.4000
10934723 413853.2880 3700520.2965 678.1800 3.1170 72.5367 -3.9014 295.0000 640.0800 152.4000
10934723 413780.7731 3700522.0766 674.2786 3.1170 72.5367 -3.9014 296.0000 640.0800 152.4000
10934723 413783.8072 3700523.0311 670.5600 3.1170 72.5367 -3.2512 297.0000 640.0800 152.4000
10934723 413700.1052 3700521.6633 670.5600 3.1170 72.5367 -3.2512 298.0000 640.0800 152.4000
10934723 413596.6293 3700529.7787 662.9400 3.1170 72.5367 -3.2512 299.0000 640.0800 152.4000
10934723 413522.1655 3700530.4448 662.9400 3.1170 72.5367 -3.5763 300.0000 640.0800 152.4000
10934723 413450.5384 3700531.0860 655.3200 3.1170 72.5367 -3.5763 301.0000 640.0800 152.4000
10934723 413384.5847 3700531.6770 655.3200 3.1416 72.5367 -3.5763 302.0000 640.0800 152.4000
10934723 413310.8301 3700532.3383 647.7000 3.1416 72.5367 -3.5763 303.0000 640.0800 152.4000
10934723 413234.9897 3700537.6718 647.7000 3.1416 73.0511 -3.5763 304.0000 640.0800 152.4000
10934723 413165.4483 3700533.6437 640.0800 3.1416 73.0511 -3.9014 305.0000 640.0800 152.4000
10934723 413087.4804 3700538.9974 640.0800 3.1416 73.0511 -4.2266 306.0000 640.0800 152.4000
10934723 413011.5983 3700539.6802 632.4600 3.1416 73.0511 -3.9014 307.0000 640.0800 152.4000
10934723 412930.0007 3700535.7623 632.4600 3.1416 73.0511 -4.2266 308.0000 640.0800 152.4000
10934723 412852.0329 3700541.1179 624.8400 3.1416 73.0511 -3.9014 309.0000 640.0800 152.4000
10934723 412768.3078 3700537.2205 624.8400 3.1416 73.0511 -3.9014 310.0000 640.0800 152.4000
10934723 412700.9777 3700542.4814 617.2200 3.1416 73.0511 -3.9014 311.0000 640.0800 152.4000
10934723 412627.1810 3700538.4955 617.2200 3.1416 73.0511 -4.2266 312.0000 640.0800 152.4000
10934723 412551.3409 3700543.8344 609.6000 3.1416 73.0511 -4.2266 313.0000 640.0800 152.4000
10934723 412477.6053 3700546.6169 609.6000 3.1416 73.0511 -3.9014 314.0000 640.0800 152.4000
10934723 412399.5764 3700545.2090 601.9800 3.1416 73.0511 -3.5763 315.0000 640.0800 152.4000
10934723 412326.5253 3700545.2090 598.4037 3.1416 73.0511 -3.5763 316.0000 640.0800 152.4000
10934723 412325.8409 3700547.9926 601.9800 3.1416 72.5367 -3.5763 317.0000 640.0800 152.4000
10934723 412253.3042 3700547.9926 598.4037 3.1416 72.5367 -3.5763 318.0000 640.0800 152.4000
10934723 412164.1479 3700549.4610 594.3600 3.1416 72.5367 -3.2512 319.0000 640.0800 152.4000
10934723 412054.2251 3700550.4608 586.7400 3.1416 72.0222 -3.5763 320.0000 640.0800 152.4000
10934723 411982.2029 3700550.4608 583.1637 3.1416 72.0222 -3.5763 321.0000 640.0800 152.4000
10934723 411898.9609 3700556.9510 579.1200 3.1170 72.0222 -3.5763 322.0000 640.0800 152.4000
10934723 411862.7696 3700554.7431 579.1200 3.1170 72.0222 -3.5763 323.0000 640.0800 152.4000
10934723 411783.3646 3700558.0056 579.1200 3.1170 72.0222 -3.5763 324.0000 640.0800 152.4000
10934723 411679.8437 3700561.0661 571.5000 3.1416 72.0222 -3.5763 325.0000 640.0800 152.4000
10934723 411606.0697 3700559.6257 571.5000 3.1416 72.0222 -3.5763 326.0000 640.0800 152.4000
10934723 411530.2068 3700562.4349 563.8800 3.1416 72.0222 -3.5763 327.0000 640.0800 152.4000
10934723 411458.1846 3700562.4349 560.3037 3.1416 72.0222 -3.5763 328.0000 640.0800 152.4000
10934723 411382.6974 3700563.7865 556.2600 3.1416 72.5367 -3.5763 329.0000 640.0800 152.4000
10934723 411310.1607 3700563.7865 552.6837 3.1416 72.5367 -3.5763 330.0000 640.0800 152.4000
10934723 411304.6682 3700562.3875 556.2600 3.1416 72.5367 -3.5763 331.0000 640.0800 152.4000
10934723 411214.5790 3700560.6769 548.6400 3.1416 72.0222 -3.9014 332.0000 640.0800 152.4000
10934723 411142.9751 3700563.8730 541.0200 3.1416 72.0222 -3.9014 333.0000 640.0800 152.4000
10934723 411043.6899 3700564.7864 541.0200 3.1416 72.0222 -3.5763 334.0000 640.0800 152.4000
10934723 410973.4576 3700562.8953 533.4000 3.1416 72.0222 -3.5763 335.0000 640.0800 152.4000
10934723 410897.5987 3700566.1324 533.4000 3.1416 72.0222 -3.5763 336.0000 640.0800 152.4000
10934723 410825.9910 3700568.9079 525.7800 3.1416 72.0222 -3.9014 337.0000 640.0800 152.4000
10934723 410762.1452 3700567.3823 525.7800 3.1416 72.0222 -3.9014 338.0000 640.0800 152.4000
10934723 410678.4814 3700570.2703 518.1600 3.1416 72.0222 -3.9014 339.0000 640.0800 152.4000
10934723 410596.9061 3700568.9097 518.1600 3.1416 72.0222 -3.9014 340.0000 640.0800 152.4000
10934723 410558.6104 3700569.2641 518.1600 3.1416 72.5367 -3.9014 341.0000 640.0800 152.4000
10934723 410455.0699 3700570.2230 510.5400 3.1416 72.5367 -3.5763 342.0000 640.0800 152.4000
10934723 410386.9650 3700568.3164 502.9200 3.1416 72.5367 -3.5763 343.0000 640.0800 152.4000
10934723 410319.6164 3700571.4791 502.9200 3.1416 72.5367 -3.9014 344.0000 640.0800 152.4000
10934723 410243.7104 3700569.6460 502.9200 3.1416 72.5367 -4.2266 345.0000 640.0800 152.4000
10934723 410147.9946 3700573.0734 495.3000 3.1416 72.5367 -4.2266 346.0000 640.0800 152.4000
10934723 410069.9610 3700571.2614 487.6800 3.1416 72.5367 -4.2266 347.0000 640.0800 152.4000
10934723 410001.9032 3700574.4329 487.6800 3.1416 72.0222 -3.9014 348.0000 640.0800 152.4000
10934723 409932.3798 3700572.5428 480.0600 3.1416 72.0222 -3.9014 349.0000 640.0800 152.4000
10934723 409860.3576 3700572.5428 476.1586 3.1416 72.0222 -3.9014 350.0000 640.0800 152.4000
10934723 409850.8476 3700575.8410 480.0600 3.1416 72.0222 -3.9014 351.0000 640.0800 152.4000
10934723 409774.9849 3700578.6639 472.4400 3.1416 71.5078 -4.2266 352.0000 640.0800 152.4000
10934723 409699.0828 3700577.2580 472.4400 3.1170 71.5078 -4.2266 353.0000 640.0800 152.4000
10934723 409625.3477 3700580.0623 464.8200 3.1416 71.5078 -3.9014 354.0000 640.0800 152.4000
10934723 409559.4175 3700583.2170 464.8200 3.1416 71.5078 -3.5763 355.0000 640.0800 152.4000
10934723 409487.7664 3700581.3500 464.8200 3.1416 70.9933 -3.2512 356.0000 640.0800 152.4000
10934723 409416.7731 3700581.3500 461.5688 3.1416 70.9933 -3.2512 357.0000 640.0800 152.4000
10934723 409320.4472 3700587.9945 449.5800 3.1416 70.9933 -3.5763 358.0000 640.0800 152.4000
10934723 409252.3420 3700586.0959 449.5800 3.1416 70.9933 -3.5763 359.0000 640.0800 152.4000
10934723 409176.4834 3700589.3466 449.5800 3.1416 70.9933 -3.5763 360.0000 640.0800 152.4000
10934723 409142.4188 3700587.1288 441.9600 3.1416 70.9933 -3.5763 361.0000 640.0800 152.4000
10934723 409071.4255 3700587.1288 438.3837 3.1416 70.9933 -3.5763 362.0000 640.0800 152.4000
10934723 409000.4322 3700587.1288 434.8074 3.1416 70.9933 -3.5763 363.0000 640.0800 152.4000
10934723 408839.6420 3700594.6333 426.7200 3.1416 70.9933 -3.5763 364.0000 640.0800 152.4000
10934723 408768.6487 3700594.6333 423.1437 3.1416 70.9933 -3.5763 365.0000 640.0800 152.4000
10934723 408777.2141 3700593.1075 426.7200 3.1416 70.4789 -3.5763 366.0000 640.0800 152.4000
10934723 408703.4791 3700595.9188 426.7200 3.1416 70.4789 -3.5763 367.0000 640.0800 152.4000
10934723 408629.7042 3700594.5012 419.1000 3.1416 70.9933 -3.2512 368.0000 640.0800 152.4000
10934723 408564.4795 3700597.2331 419.1000 3.1416 70.9933 -3.5763 369.0000 640.0800 152.4000
10934723 408492.1229 3700595.8031 411.4800 3.1416 70.9933 -3.5763 370.0000 640.0800 152.4000
10934723 408374.3987 3700596.9186 411.4800 3.1416 71.5078 -3.5763 371.0000 640.0800 152.4000
10934723 408302.8909 3700596.9186 407.9037 3.1416 71.5078 -3.5763 372.0000 640.0800 152.4000
10934723 408266.5789 3700595.4036 403.8600 3.1416 71.5078 -3.5763 373.0000 640.0800 152.4000
10934723 408153.1097 3700596.4814 396.2400 3.1416 71.5078 -3.5763 374.0000 640.0800 152.4000
10934723 408081.6019 3700596.4814 392.6637 3.1416 71.5078 -3.5763 375.0000 640.0800 152.4000
10934723 408021.9109 3700597.7294 388.6200 3.1416 72.0222 -3.5763 376.0000 640.0800 152.4000
10934723 407949.8887 3700597.7294 385.0437 3.1416 72.0222 -3.5763 377.0000 640.0800 152.4000
10934723 407850.2886 3700599.3645 381.0000 3.1416 72.0222 -3.9014 378.0000 640.0800 152.4000
