4196010 427641 3.72708e+06 2887.98 -146.25 130.669 -1328.44 2601.0000 640.0800 152.4000
4196010 427531.0636 3727005.5755 2880.3600 -146.2500 130.1544 -1329.0906 2602.0000 640.0800 152.4000
4196010 427423.0066 3726932.3717 2880.3600 -146.2500 130.1544 -1329.0906 2603.0000 640.0800 152.4000
4196010 427423.0066 3726932.3717 2880.3600 -146.2500 129.1256 -1329.0906 2604.0000 640.0800 152.4000
4196010 427199.8026 3726784.3296 2872.7400 -146.2500 129.1256 -1329.0906 2605.0000 640.0800 152.4000
4196010 427093.2645 3726725.4993 2872.7400 -146.2500 128.6111 -1328.7654 2606.0000 640.0800 152.4000
4196010 426979.5463 3726652.7664 2872.7400 -146.2500 128.0967 -1328.4403 2607.0000 640.0800 152.4000
4196010 426767.6803 3726509.3005 2865.1200 -146.2500 128.0967 -1328.4403 2609.0000 640.0800 152.4000
4196010 426653.9733 3726438.6863 2857.5000 -146.2500 127.0678 -1328.1152 2610.0000 640.0800 152.4000
4196010 426560.0515 3726365.8067 2857.5000 -147.6562 126.5533 -1328.1152 2611.0000 640.0800 152.4000
4196010 426450.0237 3726314.2009 2849.8800 -147.6562 126.5533 -1328.1152 2612.0000 640.0800 152.4000
4196010 426339.8482 3726243.5631 2849.8800 -147.6562 125.5244 -1328.1152 2613.0000 640.0800 152.4000
4196010 426241.7697 3726182.5621 2849.8800 -147.6562 125.5244 -1328.4403 2614.0000 640.0800 152.4000
4196010 426128.0907 3726116.6066 2842.2600 -146.2500 125.5244 -1328.4403 2615.0000 640.0800 152.4000
4196010 426027.9072 3726058.1618 2842.2600 -147.6562 124.4956 -1329.0906 2617.0000 640.0800 152.4000
4196010 425920.5352 3725984.9692 2842.2600 -147.6562 124.4956 -1329.0906 2618.0000 640.0800 152.4000
4196010 425813.9474 3725921.9233 2834.6400 -147.6562 124.4956 -1329.0906 2619.0000 640.0800 152.4000
4196010 425712.0109 3725820.3509 2834.6400 -147.6562 122.9522 -1329.0906 2620.0000 640.0800 152.4000
4196010 424580.2952 3725105.8876 2788.9200 -146.2500 120.3800 -1326.1645 2630.0000 640.0800 152.4000
4196010 424474.6160 3725070.7662 2788.9200 -146.2500 120.3800 -1326.1645 2631.0000 640.0800 152.4000
4196010 424376.3999 3724995.4033 2781.3000 -146.2500 120.3800 -1326.1645 2632.0000 640.0800 152.4000
4196010 424276.8243 3724927.2429 2781.3000 -146.2500 120.3800 -1326.4896 2633.0000 640.0800 152.4000
4196010 424174.4546 3724863.7585 2773.6800 -146.2500 120.3800 -1327.4650 2634.0000 640.0800 152.4000
4196010 424068.3020 3724769.4271 2773.6800 -147.6562 120.3800 -1328.7654 2636.0000 640.0800 152.4000
4196010 423964.4977 3724703.8413 2766.0600 -147.6562 120.3800 -1328.7654 2637.0000 640.0800 152.4000
4196010 423866.3107 3724633.1362 2766.0600 -147.6562 120.3800 -1329.4157 2638.0000 640.0800 152.4000
4196010 423668.9926 3724551.3773 2766.0600 -147.6562 119.8656 -1330.0659 2639.0000 640.0800 152.4000
4196010 423568.7369 3724487.8824 2758.4400 -147.6562 119.3511 -1330.3910 2640.0000 640.0800 152.4000
4196010 423460.6985 3724424.4506 2758.4400 -147.6562 119.3511 -1330.3910 2641.0000 640.0800 152.4000
4196010 423364.6677 3724358.8090 2758.4400 -147.6562 118.8367 -1330.7162 2642.0000 640.0800 152.4000
4196010 423264.3708 3724290.6646 2758.4400 -147.6562 118.8367 -1330.7162 2643.0000 640.0800 152.4000
4196010 423160.5353 3724222.5496 2758.4400 -147.6562 118.8367 -1330.7162 2644.0000 640.0800 152.4000
4196010 423060.9429 3724154.4016 2758.4400 -147.6562 117.8078 -1331.3664 2645.0000 640.0800 152.4000
4196010 422966.3929 3724097.6348 2758.4400 -147.6562 117.8078 0.0000 2646.0000 640.0800 152.4000
4196010 422864.7333 3724036.6962 2758.4400 -147.6562 117.8078 0.0000 2647.0000 640.0800 152.4000
4196010 422758.7120 3723961.4122 2758.4400 -147.6562 117.8078 0.0000 2648.0000 640.0800 152.4000
4196010 422660.5664 3723897.9095 2758.4400 -147.6562 117.8078 0.0000 2649.0000 640.0800 152.4000
4196010 422558.9027 3723836.9741 2758.4400 -147.6562 117.8078 0.0000 2650.0000 640.0800 152.4000
4196010 422558.9027 3723836.9741 2758.4400 -147.6562 117.8078 0.0000 2652.0000 640.0800 152.4000
4196010 420568.0634 3722563.5690 2758.4400 -147.6562 117.8078 0.0000 2670.0000 640.0800 152.4000
4196010 420474.1936 3722507.2434 2758.4400 -147.6562 117.8078 0.0000 2671.0000 640.0800 152.4000
4196010 420374.0145 3722458.1618 2758.4400 -147.6562 118.3222 0.6502 2672.0000 640.0800 152.4000
4196010 420272.2996 3722394.7125 2758.4400 -147.6562 118.3222 0.3251 2673.0000 640.0800 152.4000
4196010 420171.6430 3722288.5335 2758.4400 -147.6562 118.3222 0.3251 2674.0000 640.0800 152.4000
4196010 420171.6430 3722288.5335 2758.4400 -147.6562 118.3222 0.0000 2675.0000 640.0800 152.4000
4196010 420074.0929 3722215.7457 2758.4400 -147.6562 118.3222 -1331.3664 2676.0000 640.0800 152.4000
4196010 419876.1215 3722150.5651 2758.4400 -147.6562 118.3222 -1331.3664 2677.0000 640.0800 152.4000
4196010 419674.0534 3722019.0134 2758.4400 -147.6562 118.3222 -1331.3664 2679.0000 640.0800 152.4000
4196010 419673.7559 3721983.4848 2758.4400 -147.6562 118.3222 0.0000 2680.0000 640.0800 152.4000
4196010 419575.5479 3721917.4753 2758.4400 -147.6562 118.3222 0.3251 2681.0000 640.0800 152.4000
4196010 419475.9057 3721849.3639 2758.4400 -146.2500 117.8078 0.6502 2682.0000 640.0800 152.4000
4196010 419274.1282 3721753.7720 2766.0600 -146.2500 117.8078 0.6502 2683.0000 640.0800 152.4000
4196010 419178.0772 3721692.4013 2766.0600 -146.2500 117.8078 0.6502 2684.0000 640.0800 152.4000
4196010 419072.1218 3721631.5379 2766.0600 -146.2500 117.8078 0.3251 2685.0000 640.0800 152.4000
4196010 418979.5706 3721565.9096 2766.0600 -146.2500 117.8078 0.3251 2686.0000 640.0800 152.4000
4196010 418880.0206 3721509.6472 2766.0600 -146.2500 117.8078 0.3251 2687.0000 640.0800 152.4000
4196010 418775.4156 3721441.5848 2766.0600 -146.2500 117.8078 0.0000 2688.0000 640.0800 152.4000
4196010 418681.5421 3721387.3912 2766.0600 -146.2500 117.8078 -1331.3664 2689.0000 640.0800 152.4000
4196010 418585.4871 3721326.4492 2766.0600 -146.2500 117.8078 0.0000 2690.0000 640.0800 152.4000
4196010 418281.6419 3721131.4955 2766.0600 -146.2500 117.8078 0.0000 2692.0000 640.0800 152.4000
4196010 418083.1081 3721004.5992 2766.0600 -146.2500 117.8078 0.6502 2695.0000 640.0800 152.4000
4196010 417986.9839 3720936.4727 2766.0600 -146.2500 117.8078 0.3251 2696.0000 640.0800 152.4000
4196010 417886.6956 3720878.1116 2766.0600 -146.2500 117.2933 0.3251 2697.0000 640.0800 152.4000
4196010 417782.7408 3720804.9783 2766.0600 -146.2500 117.2933 0.0000 2698.0000 640.0800 152.4000
4196010 417688.7972 3720744.0269 2766.0600 -146.2500 117.2933 -1331.3664 2699.0000 640.0800 152.4000
4196010 417582.7600 3720675.9894 2766.0600 -146.2500 117.2933 -1331.3664 2700.0000 640.0800 152.4000
4196010 417490.9551 3720617.1364 2766.0600 -146.2500 117.2933 0.0000 2701.0000 640.0800 152.4000
4196010 417390.3728 3720525.3666 2766.0600 -146.2500 117.2933 0.0000 2702.0000 640.0800 152.4000
4196010 417288.6391 3720464.4860 2766.0600 -147.6562 117.2933 0.0000 2703.0000 640.0800 152.4000
4196010 417192.5841 3720405.6725 2766.0600 -147.6562 117.2933 0.3251 2704.0000 640.0800 152.4000
4196010 417090.0380 3720332.9572 2766.0600 -147.6562 117.2933 0.6502 2705.0000 640.0800 152.4000
4196010 416988.2784 3720269.5420 2766.0600 -147.6562 117.2933 0.3251 2706.0000 640.0800 152.4000
4196010 416894.5076 3720229.7463 2766.0600 -147.6562 117.2933 0.3251 2707.0000 640.0800 152.4000
4196010 416799.8449 3720168.8095 2766.0600 -147.6562 117.2933 0.0000 2708.0000 640.0800 152.4000
4196010 416696.0208 3720112.6061 2766.0600 -146.2500 117.2933 0.0000 2709.0000 640.0800 152.4000
4196010 416595.4035 3720018.3067 2766.0600 -147.6562 117.8078 -1331.3664 2710.0000 640.0800 152.4000
4196010 416493.6777 3719959.5492 2766.0600 -147.6562 117.2933 -1331.3664 2711.0000 640.0800 152.4000
4196010 416397.8226 3719924.8522 2766.0600 -146.2500 117.2933 0.0000 2713.0000 640.0800 152.4000
4196010 416203.4850 3719797.9569 2766.0600 -146.2500 117.2933 0.0000 2714.0000 640.0800 152.4000
4196010 416203.0088 3719743.3951 2766.0600 -146.2500 117.8078 0.3251 2715.0000 640.0800 152.4000
4196010 415999.2150 3719669.0375 2766.0600 -146.2500 117.8078 0.3251 2716.0000 640.0800 152.4000
4196010 415900.9169 3719598.4123 2766.0600 -146.2500 117.8078 0.0000 2717.0000 640.0800 152.4000
4196010 415805.4930 3719532.8388 2766.0600 -146.2500 117.8078 0.0000 2718.0000 640.0800 152.4000
4196010 415702.9453 3719462.2529 2766.0600 -147.6562 117.8078 0.0000 2719.0000 640.0800 152.4000
4196010 415702.6111 3719424.1865 2766.0600 -147.6562 117.8078 0.0000 2720.0000 640.0800 152.4000
4196010 415500.8442 3719340.0925 2766.0600 -147.6562 117.8078 0.0000 2721.0000 640.0800 152.4000
4196010 415402.5204 3719267.3575 2766.0600 -147.6562 117.8078 0.0000 2722.0000 640.0800 152.4000
4196010 415308.5464 3719206.4290 2766.0600 -147.6562 117.8078 0.0000 2723.0000 640.0800 152.4000
4196010 415210.2571 3719137.9256 2766.0600 -146.2500 117.8078 0.0000 2724.0000 640.0800 152.4000
4196010 415010.1426 3719001.7989 2766.0600 -146.2500 117.8078 0.0000 2726.0000 640.0800 152.4000
4196010 414901.9246 3718931.6944 2766.0600 -146.2500 117.8078 0.0000 2728.0000 640.0800 152.4000
4196010 414811.4606 3718868.2015 2766.0600 -146.2500 117.8078 0.0000 2729.0000 640.0800 152.4000
4196010 414716.0407 3718804.7534 2766.0600 -146.2500 117.8078 0.0000 2730.0000 640.0800 152.4000
4196010 414512.0228 3718708.8558 2766.0600 -146.2500 117.8078 0.0000 2731.0000 640.0800 152.4000
4196010 414409.1401 3718602.7548 2766.0600 -146.2500 117.8078 -1331.3664 2733.0000 640.0800 152.4000
4196010 414215.2589 3718532.9986 2766.0600 -146.2500 117.8078 -1331.3664 2734.0000 640.0800 152.4000
4196010 414214.7489 3718475.8990 2766.0600 -146.2500 117.8078 -1331.3664 2735.0000 640.0800 152.4000
4196010 414110.8267 3718412.5327 2766.0600 -146.2500 117.8078 -1331.3664 2736.0000 640.0800 152.4000
4196010 414011.1313 3718347.0146 2766.0600 -146.2500 117.8078 -1331.3664 2737.0000 640.0800 152.4000
4196010 414011.1313 3718347.0146 2766.0600 -147.6562 117.2933 -1331.0413 2738.0000 640.0800 152.4000
4196010 414011.1313 3718347.0146 2766.0600 -147.6562 116.7789 -1330.0659 2739.0000 640.0800 152.4000
4196010 414011.1313 3718347.0146 2766.0600 -147.6562 116.2644 -1329.0906 2740.0000 640.0800 152.4000
4196010 414011.1313 3718347.0146 2766.0600 -147.6562 116.2644 -1328.1152 2741.0000 640.0800 152.4000
4196010 413316.4732 3717934.4939 2743.2000 -147.6562 115.7500 -1325.8394 2743.0000 640.0800 152.4000
4196010 413226.0312 3717875.6681 2735.5800 -147.6562 115.7500 -1325.1891 2744.0000 640.0800 152.4000
4196010 413117.8484 3717812.3507 2727.9600 -147.6562 115.7500 -1324.5389 2745.0000 640.0800 152.4000
4196010 413023.8875 3717756.0966 2720.3400 -147.6562 115.7500 -1324.2138 2747.0000 640.0800 152.4000
4196010 412922.1383 3717699.9140 2712.7200 -147.6562 115.7500 -1323.8886 2748.0000 640.0800 152.4000
4196010 412625.1442 3717505.4947 2689.8600 -147.6562 115.7500 -1323.8886 2750.0000 640.0800 152.4000
4196010 412625.1442 3717505.4947 2689.8600 -149.0625 115.7500 -1323.8886 2751.0000 640.0800 152.4000
4196010 412427.2750 3717390.5494 2682.2400 -149.0625 115.7500 -1323.8886 2752.0000 640.0800 152.4000
4196010 412323.3946 3717334.3924 2674.6200 -149.0625 115.7500 -1324.8640 2753.0000 640.0800 152.4000
4196010 412233.1804 3717301.7994 2674.6200 -149.0625 115.7500 -1324.8640 2754.0000 640.0800 152.4000
4196010 412124.8335 3717221.9975 2659.3800 -149.0625 115.7500 -1324.8640 2755.0000 640.0800 152.4000
4196010 411928.5892 3717131.1581 2651.7600 -149.0625 115.7500 -1324.8640 2757.0000 640.0800 152.4000
4196010 411730.6804 3717013.6891 2636.5200 -147.6562 115.7500 -1324.8640 2759.0000 640.0800 152.4000
4196010 411632.3466 3716945.6445 2628.9000 -147.6562 115.7500 -1324.8640 2760.0000 640.0800 152.4000
4196010 411532.6811 3716886.9191 2628.9000 -147.6562 115.7500 -1324.8640 2761.0000 640.0800 152.4000
4196010 411432.2439 3716821.4338 2621.2800 -147.6562 115.7500 -1324.8640 2762.0000 640.0800 152.4000
4196010 411431.9594 3716790.5576 2613.6600 -147.6562 115.7500 -1324.5389 2763.0000 640.0800 152.4000
4196010 411234.3460 3716706.5126 2606.0400 -147.6562 115.7500 -1324.5389 2764.0000 640.0800 152.4000
4196010 411131.8044 3716643.5877 2598.4200 -147.6562 115.7500 -1324.5389 2765.0000 640.0800 152.4000
4196010 411042.0211 3716582.2378 2590.8000 -147.6562 115.7500 -1324.5389 2766.0000 640.0800 152.4000
4196010 410939.3437 3716504.9343 2583.1800 -147.6562 115.7500 -1324.5389 2767.0000 640.0800 152.4000
4196010 410743.7772 3716413.6892 2575.5600 -147.6562 115.7500 -1324.5389 2769.0000 640.0800 152.4000
4196010 410643.3729 3716352.8645 2567.9400 -149.0625 115.2356 -1324.2138 2770.0000 640.0800 152.4000
4196010 410643.1291 3716326.6410 2560.3200 -147.6562 115.7500 -1324.2138 2771.0000 640.0800 152.4000
4196010 410448.9327 3716231.1589 2552.7000 -149.0625 115.2356 -1324.2138 2772.0000 640.0800 152.4000
4196010 410347.0611 3716165.2750 2545.0800 -147.6562 115.7500 -1324.2138 2773.0000 640.0800 152.4000
4196010 410150.4892 3716043.5951 2529.8400 -147.6562 115.7500 -1324.5389 2775.0000 640.0800 152.4000
4196010 410052.2409 3715986.9862 2522.2200 -147.6562 115.7500 -1324.5389 2776.0000 640.0800 152.4000
4196010 409854.2692 3715867.8633 2506.9800 -147.6562 115.7500 -1324.8640 2778.0000 640.0800 152.4000
4196010 409749.5812 3715804.5499 2499.3600 -147.6562 115.7500 -1324.8640 2779.0000 640.0800 152.4000
4196010 409749.2913 3715773.6737 2499.3600 -147.6562 115.7500 -1324.8640 2780.0000 640.0800 152.4000
4196010 409545.9094 3715682.5256 2491.7400 -147.6562 115.7500 -1324.8640 2781.0000 640.0800 152.4000
4196010 409455.3589 3715616.9672 2484.1200 -147.6562 115.7500 -1324.5389 2782.0000 640.0800 152.4000
4196010 409349.2055 3715549.0188 2476.5000 -147.6562 115.7500 -1324.8640 2783.0000 640.0800 152.4000
4196010 409257.0766 3715466.5572 2468.8800 -147.6562 115.7500 -1324.5389 2784.0000 640.0800 152.4000
4196010 409156.7167 3715412.5152 2461.2600 -147.6562 115.7500 -1324.5389 2785.0000 640.0800 152.4000
4196010 409058.3719 3715347.0341 2453.6400 -147.6562 115.7500 -1324.5389 2786.0000 640.0800 152.4000
4196010 408666.2660 3715146.0192 2430.7800 -147.6562 115.7500 -1324.5389 2790.0000 640.0800 152.4000
4196010 408564.3946 3715082.6915 2423.1600 -147.6562 115.7500 -1324.5389 2791.0000 640.0800 152.4000
4196010 408461.8379 3715021.9093 2415.5400 -147.6562 115.7500 -1324.5389 2792.0000 640.0800 152.4000
4196010 408365.6974 3714965.7201 2407.9200 -147.6562 115.7500 -1324.5389 2793.0000 640.0800 152.4000
4196010 408359.6938 3714930.2453 2407.9200 -147.6562 115.7500 -1324.5389 2794.0000 640.0800 152.4000
4196010 408261.4031 3714871.5396 2400.3000 -147.6562 115.7500 -1324.8640 2795.0000 640.0800 152.4000
4196010 408062.9686 3714782.9127 2392.6800 -147.6562 115.7500 -1324.5389 2796.0000 640.0800 152.4000
4196010 408062.6734 3714752.0366 2385.0600 -149.0625 115.7500 -1324.5389 2797.0000 640.0800 152.4000
4196010 407970.6188 3714679.3151 2377.4400 -149.0625 115.7500 -1324.5389 2798.0000 640.0800 152.4000
4196010 407762.3527 3714600.0943 2369.8200 -149.0625 115.7500 -1324.5389 2799.0000 640.0800 152.4000
4196010 407670.4770 3714546.4089 2362.2000 -147.6562 115.7500 -1324.5389 2800.0000 640.0800 152.4000
4196010 407564.1850 3714466.6369 2354.5800 -149.0625 115.7500 -1324.8640 2801.0000 640.0800 152.4000
4196010 407472.3517 3714417.6059 2346.9600 -149.0625 115.7500 -1324.8640 2802.0000 640.0800 152.4000
4196010 407366.3296 3714366.1744 2346.9600 -149.0625 115.7500 -1324.5389 2803.0000 640.0800 152.4000
4196010 407273.6026 3714298.1188 2339.3400 -149.0625 115.7500 -1324.8640 2804.0000 640.0800 152.4000
4196010 407169.6332 3714239.4786 2331.7200 -149.0625 115.7500 -1324.8640 2805.0000 640.0800 152.4000
4196010 407073.3627 3714171.4591 2324.1000 -149.0625 115.7500 -1324.5389 2806.0000 640.0800 152.4000
4196010 406971.4947 3714110.6857 2316.4800 -149.0625 115.7500 -1324.5389 2807.0000 640.0800 152.4000
4196010 406871.0173 3714047.3619 2308.8600 -149.0625 115.7500 -1324.5389 2808.0000 640.0800 152.4000
4196010 406769.1222 3713984.0527 2301.2400 -147.6562 115.7500 -1324.5389 2809.0000 640.0800 152.4000
4196010 406676.4570 3713923.1931 2293.6200 -147.6562 115.7500 -1324.5389 2810.0000 640.0800 152.4000
4196010 406478.7905 3713844.3196 2286.0000 -147.6562 115.7500 -1324.2138 2812.0000 640.0800 152.4000
4196010 406284.2414 3713722.2735 2270.7600 -149.0625 115.7500 -1324.2138 2814.0000 640.0800 152.4000
4196010 406180.2596 3713663.6437 2263.1400 -149.0625 115.7500 -1324.2138 2815.0000 640.0800 152.4000
4196010 406084.8847 3713543.5958 2247.9000 -149.0625 115.7500 -1324.2138 2817.0000 640.0800 152.4000
4196010 405778.8030 3713389.2318 2232.6600 -147.6562 116.2644 -1324.5389 2819.0000 640.0800 152.4000
4196010 405784.9205 3713362.9458 2232.6600 -147.6562 115.7500 -1324.5389 2820.0000 640.0800 152.4000
4196010 405581.9034 3713246.0723 2217.4200 -147.6562 115.7500 -1324.5389 2822.0000 640.0800 152.4000
4196010 405378.1273 3713124.5574 2202.1800 -147.6562 115.7500 -1324.8640 2823.0000 640.0800 152.4000
4196010 405277.6497 3713063.3646 2194.5600 -147.6562 115.7500 -1324.8640 2824.0000 640.0800 152.4000
4196010 405191.3405 3713002.4562 2194.5600 -147.6562 115.7500 -1325.5142 2825.0000 640.0800 152.4000
4196010 404989.5345 3712938.0352 2186.9400 -147.6562 115.7500 -1326.1645 2826.0000 640.0800 152.4000
4196010 404791.4566 3712821.1291 2179.3200 -147.6562 115.7500 -1327.1398 2829.0000 640.0800 152.4000
4196010 404790.8414 3712758.9537 2179.3200 -147.6562 115.7500 -1328.1152 2830.0000 640.0800 152.4000
4196010 404692.5313 3712702.8215 2171.7000 -147.6562 116.2644 -1328.7654 2831.0000 640.0800 152.4000
4196010 404588.5075 3712642.0938 2171.7000 -147.6562 116.2644 -1328.7654 2832.0000 640.0800 152.4000
4196010 404493.7113 3712583.3906 2164.0800 -147.6562 116.2644 -1328.7654 2833.0000 640.0800 152.4000
4196010 404293.9912 3712516.4251 2164.0800 -147.6562 116.7789 -1328.7654 2834.0000 640.0800 152.4000
4196010 404192.0878 3712455.6804 2164.0800 -147.6562 116.7789 -1328.7654 2835.0000 640.0800 152.4000
4196010 404095.7990 3712389.8048 2156.4600 -147.6562 116.7789 -1329.0906 2836.0000 640.0800 152.4000
4196010 404095.7990 3712389.8048 2156.4600 -147.6562 116.7789 -1329.7408 2837.0000 640.0800 152.4000
4196010 403891.0870 3712249.2945 2156.4600 -147.6562 116.7789 -1330.0659 2838.0000 640.0800 152.4000
4196010 403790.5694 3712186.0021 2156.4600 -147.6562 116.7789 -1330.3910 2839.0000 640.0800 152.4000
4196010 403692.1543 3712120.5746 2148.8400 -147.6562 116.2644 -1330.7162 2840.0000 640.0800 152.4000
4196010 403587.8551 3712033.6339 2148.8400 -147.6562 116.2644 -1330.7162 2841.0000 640.0800 152.4000
4196010 403493.7550 3711974.9332 2148.8400 -147.6562 116.2644 -1331.0413 2842.0000 640.0800 152.4000
4196010 403389.6901 3711911.6804 2148.8400 -147.6562 116.2644 -1331.3664 2844.0000 640.0800 152.4000
4196010 403193.4641 3711842.1640 2148.8400 -147.6562 116.2644 0.3251 2845.0000 640.0800 152.4000
4196010 403095.0882 3711781.3951 2148.8400 -147.6562 116.2644 0.6502 2846.0000 640.0800 152.4000
4196010 402995.2218 3711713.4511 2148.8400 -147.6562 116.2644 0.6502 2847.0000 640.0800 152.4000
4196010 402896.7708 3711645.4938 2148.8400 -147.6562 116.2644 0.6502 2848.0000 640.0800 152.4000
4196010 402894.3342 3711614.6390 2156.4600 -147.6562 116.2644 0.6502 2849.0000 640.0800 152.4000
4196010 402694.3641 3711526.1350 2156.4600 -147.6562 116.2644 0.3251 2850.0000 640.0800 152.4000
4196010 402603.7740 3711465.2922 2156.4600 -147.6562 116.2644 0.0000 2851.0000 640.0800 152.4000
4196010 402499.7447 3711406.7014 2156.4600 -147.6562 116.2644 0.0000 2852.0000 640.0800 152.4000
4196010 402299.3329 3711275.4863 2156.4600 -147.6562 116.2644 0.0000 2854.0000 640.0800 152.4000
4196010 402194.4709 3711205.0629 2156.4600 -147.6562 116.2644 0.3251 2855.0000 640.0800 152.4000
4196010 402094.8845 3711165.8895 2156.4600 -147.6562 116.7789 0.0000 2856.0000 640.0800 152.4000
4196010 401897.7586 3711010.5376 2156.4600 -147.6562 117.2933 0.0000 2859.0000 640.0800 152.4000
4196010 401796.1170 3710978.5792 2156.4600 -147.6562 117.2933 0.0000 2860.0000 640.0800 152.4000
4196010 401597.1250 3710849.4786 2156.4600 -147.6562 117.2933 0.0000 2861.0000 640.0800 152.4000
4196010 401596.7620 3710813.9498 2156.4600 -147.6562 117.2933 0.0000 2862.0000 640.0800 152.4000
4196010 401398.9141 3710727.9882 2156.4600 -149.0625 117.2933 0.3251 2863.0000 640.0800 152.4000
4196010 401298.4375 3710671.9116 2156.4600 -149.0625 116.7789 0.3251 2864.0000 640.0800 152.4000
4196010 401199.6685 3710575.2098 2156.4600 -150.4688 116.7789 0.0000 2865.0000 640.0800 152.4000
4196010 401091.7391 3710552.6292 2156.4600 -150.4688 117.2933 0.0000 2866.0000 640.0800 152.4000
4196010 400984.1742 3710496.6286 2156.4600 -151.8750 116.7789 -1331.3664 2867.0000 640.0800 152.4000
4196010 400878.0989 3710447.8049 2156.4600 -153.2812 116.7789 -1331.3664 2868.0000 640.0800 152.4000
4196010 400775.4167 3710384.5651 2156.4600 -154.6875 116.7789 -1331.3664 2870.0000 640.0800 152.4000
4196010 400451.2938 3710285.5420 2156.4600 -158.9062 116.7789 0.0000 2872.0000 640.0800 152.4000
4196010 400451.0708 3710263.9709 2156.4600 -161.7187 116.2644 0.6502 2873.0000 640.0800 152.4000
4196010 400231.6319 3710216.3265 2156.4600 -161.7187 116.2644 0.6502 2874.0000 640.0800 152.4000
4196010 400121.4696 3710184.0506 2156.4600 -164.5313 116.2644 0.9754 2875.0000 640.0800 152.4000
4196010 400007.8167 3710156.8882 2156.4600 -165.9375 116.7789 0.6502 2876.0000 640.0800 152.4000
4196010 399897.7057 3710129.6904 2156.4600 -167.3437 116.7789 0.3251 2877.0000 640.0800 152.4000
4196010 399781.9480 3710104.6676 2156.4600 -168.7500 116.7789 0.0000 2878.0000 640.0800 152.4000
4196010 399664.1390 3710086.8587 2156.4600 -170.1563 116.7789 -1331.3664 2879.0000 640.0800 152.4000
4196010 399546.2281 3710059.3231 2156.4600 -171.5625 116.7789 -1331.0413 2880.0000 640.0800 152.4000
4196010 399434.9183 3710053.2934 2156.4600 -172.9687 116.7789 -1331.0413 2881.0000 640.0800 152.4000
4196010 399312.9321 3710042.7235 2156.4600 -174.3750 116.7789 -1331.0413 2882.0000 640.0800 152.4000
4196010 399199.4741 3710034.6040 2156.4600 -174.3750 117.2933 -1330.7162 2883.0000 640.0800 152.4000
4196010 399081.7383 3710023.9925 2156.4600 -175.7812 116.7789 -1330.7162 2884.0000 640.0800 152.4000
4196010 398966.1499 3710015.4750 2156.4600 -175.7812 116.7789 -1330.7162 2885.0000 640.0800 152.4000
4196010 398966.1499 3710015.4750 2156.4600 -178.5938 117.2933 0.0000 2886.0000 640.0800 152.4000
4196010 398617.5159 3710014.4851 2156.4600 -178.5938 117.2933 0.3251 2887.0000 640.0800 152.4000
4196010 398613.2649 3710014.5298 2156.4600 180.0000 117.2933 0.6502 2889.0000 640.0800 152.4000
4196010 398492.1102 3710015.8058 2156.4600 180.0000 117.2933 0.6502 2890.0000 640.0800 152.4000
4196010 398384.4172 3710016.9413 2156.4600 180.0000 117.2933 0.6502 2891.0000 640.0800 152.4000
4196010 398256.8323 3710013.2120 2156.4600 180.0000 116.7789 0.3251 2892.0000 640.0800 152.4000
4196010 398142.7626 3710014.4176 2156.4600 180.0000 116.7789 0.3251 2893.0000 640.0800 152.4000
4196010 397913.9146 3710016.8403 2156.4600 180.0000 116.7789 0.0000 2895.0000 640.0800 152.4000
4196010 397788.5088 3710018.1702 2156.4600 180.0000 116.2644 -1331.3664 2896.0000 640.0800 152.4000
4196010 397668.7709 3710019.4415 2156.4600 180.0000 116.2644 -1331.0413 2897.0000 640.0800 152.4000
4196010 397449.8419 3710021.7698 2156.4600 180.0000 115.7500 -1329.7408 2898.0000 640.0800 152.4000
4196010 397449.8419 3710021.7698 2148.8400 180.0000 115.7500 -1329.7408 2899.0000 640.0800 152.4000
4196010 397220.2852 3710024.2166 2148.8400 180.0000 115.7500 -1329.4157 2900.0000 640.0800 152.4000
4196010 397097.0589 3710030.6084 2148.8400 180.0000 115.7500 -1329.0906 2901.0000 640.0800 152.4000
4196010 396871.7533 3710033.0180 2141.2200 180.0000 115.7500 -1328.1152 2903.0000 640.0800 152.4000
4196010 396756.2664 3710034.2552 2133.6000 180.0000 115.7500 -1328.1152 2904.0000 640.0800 152.4000
4196010 396628.7348 3710035.6230 2133.6000 180.0000 115.7500 -1328.1152 2905.0000 640.0800 152.4000
4196010 396516.8404 3710041.4776 2125.9800 180.0000 115.2356 -1327.4650 2906.0000 640.0800 152.4000
4196010 396403.4791 3710042.6962 2125.9800 180.0000 115.2356 -1327.4650 2907.0000 640.0800 152.4000
4196010 396287.9922 3710043.9389 2118.3600 178.5938 115.2356 -1327.7901 2908.0000 640.0800 152.4000
4196010 396170.4299 3710049.8586 2118.3600 178.5938 115.2356 -1327.7901 2909.0000 640.0800 152.4000
4196010 396170.4299 3710049.8586 2118.3600 178.5938 115.2356 -1327.4650 2910.0000 640.0800 152.4000
4196010 395935.2827 3710059.5875 2103.1200 178.5938 115.2356 -1327.1398 2911.0000 640.0800 152.4000
4196010 395827.5666 3710058.6368 2103.1200 178.5938 114.7211 -1326.4896 2912.0000 640.0800 152.4000
4196010 395716.3536 3710061.9553 2095.5000 178.5938 114.7211 -1326.1645 2914.0000 640.0800 152.4000
4196010 395592.3922 3710065.8363 2095.5000 178.5938 114.7211 -1326.1645 2915.0000 640.0800 152.4000
4196010 395483.3048 3710069.1344 2087.8800 178.5938 114.7211 -1325.8394 2916.0000 640.0800 152.4000
4196010 395025.0058 3710083.8476 2065.0200 178.5938 114.2067 -1325.1891 2919.0000 640.0800 152.4000
4196010 395025.0058 3710083.8476 2065.0200 178.5938 114.2067 -1325.5142 2920.0000 640.0800 152.4000
4196010 394562.4517 3710098.2062 2042.1600 178.5938 114.2067 -1324.2138 2923.0000 640.0800 152.4000
4196010 394454.7585 3710099.3857 2034.5400 178.5938 114.2067 -1323.5635 2924.0000 640.0800 152.4000
4196010 394104.8346 3710110.4177 2011.6800 178.5938 114.2067 -1322.9133 2927.0000 640.0800 152.4000
4196010 393997.1693 3710114.1401 2004.0600 178.5938 114.2067 -1322.9133 2928.0000 640.0800 152.4000
4196010 393885.2530 3710117.9105 1988.8200 178.5938 114.2067 -1323.2384 2929.0000 640.0800 152.4000
4196010 393771.9151 3710121.2749 1981.2000 178.5938 114.2067 -1323.2384 2930.0000 640.0800 152.4000
4196010 393650.0798 3710125.1575 1973.5800 178.5938 114.2067 -1323.2384 2931.0000 640.0800 152.4000
4196010 393538.8955 3710131.0389 1965.9600 178.5938 114.7211 -1323.2384 2932.0000 640.0800 152.4000
4196010 393426.9514 3710132.2769 1958.3400 178.5938 114.7211 -1322.9133 2933.0000 640.0800 152.4000
4196010 393303.7226 3710138.2944 1950.7200 178.5938 114.7211 -1322.9133 2934.0000 640.0800 152.4000
4196010 393198.1550 3710139.4644 1943.1000 178.5938 114.7211 -1322.9133 2935.0000 640.0800 152.4000
4196010 393078.4689 3710145.4454 1935.4800 178.5938 114.7211 -1322.2630 2936.0000 640.0800 152.4000
4196010 392968.6503 3710146.6651 1920.2400 178.5938 115.2356 -1322.2630 2937.0000 640.0800 152.4000
4196010 392849.6775 3710153.0641 1912.6200 178.5938 115.2356 -1322.2630 2938.0000 640.0800 152.4000
4196010 392506.8403 3710164.0755 1897.3800 178.5938 115.2356 -1322.9133 2940.0000 640.0800 152.4000
4196010 392391.3773 3710167.4799 1874.5200 178.5938 115.7500 -1323.2384 2943.0000 640.0800 152.4000
4196010 392271.6680 3710171.3561 1874.5200 178.5938 115.7500 -1323.2384 2944.0000 640.0800 152.4000
4196010 392156.2098 3710175.1863 1866.9000 178.5938 115.7500 -1323.2384 2945.0000 640.0800 152.4000
4196010 391926.7058 3710182.4119 1851.6600 178.5938 115.7500 -1322.9133 2946.0000 640.0800 152.4000
4196010 391803.4494 3710185.9108 1844.0400 178.5938 115.7500 -1322.9133 2947.0000 640.0800 152.4000
4196010 391692.2709 3710192.2366 1836.4200 178.5938 115.7500 -1322.5882 2948.0000 640.0800 152.4000
4196010 391580.3269 3710193.4961 1828.8000 178.5938 115.7500 -1322.9133 2949.0000 640.0800 152.4000
4196010 391457.0468 3710194.8845 1821.1800 178.5938 115.7500 -1322.9133 2950.0000 640.0800 152.4000
4196010 391457.0992 3710199.5372 1813.5600 178.5938 115.7500 -1322.9133 2951.0000 640.0800 152.4000
4196010 391341.6366 3710202.9542 1805.9400 178.5938 115.7500 -1322.9133 2952.0000 640.0800 152.4000
4196010 391341.6366 3710202.9542 1805.9400 180.0000 115.7500 -1323.2384 2957.0000 640.0800 152.4000
4196010 390643.8152 3710215.9280 1760.2200 180.0000 115.7500 -1323.2384 2958.0000 640.0800 152.4000
4196010 390064.3387 3710229.7161 1722.1200 180.0000 115.7500 -1323.2384 2962.0000 640.0800 152.4000
4196010 389721.4456 3710235.7511 1691.6400 180.0000 115.7500 -1323.2384 2965.0000 640.0800 152.4000
4196010 389605.9347 3710234.9592 1684.0200 180.0000 115.7500 -1322.9133 2966.0000 640.0800 152.4000
4196010 389488.3468 3710238.4228 1676.4000 180.0000 115.7500 -1322.9133 2967.0000 640.0800 152.4000
4196010 389376.4318 3710242.2457 1668.7800 180.0000 116.2644 -1322.5882 2968.0000 640.0800 152.4000
4196010 389259.4990 3710241.0513 1661.1600 180.0000 116.2644 -1322.2630 2970.0000 640.0800 152.4000
4196010 389141.9159 3710244.9421 1653.5400 180.0000 116.2644 -1322.5882 2971.0000 640.0800 152.4000
4196010 389020.0234 3710243.8076 1645.9200 180.0000 116.2644 -1322.5882 2972.0000 640.0800 152.4000
4196010 388906.6915 3710247.6523 1630.6800 180.0000 116.2644 -1322.5882 2973.0000 640.0800 152.4000
4196010 388677.1350 3710250.3028 1623.0600 180.0000 116.7789 -1322.9133 2974.0000 640.0800 152.4000
4196010 388561.6776 3710254.1761 1615.4400 180.0000 116.7789 -1322.9133 2975.0000 640.0800 152.4000
4196010 388441.9103 3710253.0244 1607.8200 180.0000 116.7789 -1323.2384 2976.0000 640.0800 152.4000
4196010 388438.3678 3710253.0654 1600.2000 180.0000 116.7789 -1323.2384 2977.0000 640.0800 152.4000
4196010 388203.1971 3710260.4456 1592.5800 180.0000 116.7789 -1322.9133 2978.0000 640.0800 152.4000
4196010 388087.6857 3710259.6719 1584.9600 180.0000 116.7789 -1322.9133 2979.0000 640.0800 152.4000
4196010 387973.6404 3710263.1128 1569.7200 180.0000 117.2933 -1322.5882 2980.0000 640.0800 152.4000
4196010 387858.1831 3710266.9946 1562.1000 180.0000 117.2933 -1321.9379 2981.0000 640.0800 152.4000
4196010 387739.1242 3710265.8433 1554.4800 180.0000 117.2933 -1321.9379 2982.0000 640.0800 152.4000
4196010 387622.9584 3710269.7362 1546.8600 180.0000 117.2933 -1321.9379 2983.0000 640.0800 152.4000
4196010 387499.7322 3710275.8280 1531.6200 180.0000 117.2933 -1321.9379 2984.0000 640.0800 152.4000
4196010 387379.9399 3710272.5747 1524.0000 180.0000 117.2933 -1322.2630 2985.0000 640.0800 152.4000
4196010 387258.8394 3710278.6448 1516.3800 180.0000 117.2933 -1322.5882 2986.0000 640.0800 152.4000
4196010 387258.8394 3710278.6448 1516.3800 180.0000 117.2933 -1322.9133 2987.0000 640.0800 152.4000
4196010 387025.7400 3710281.3761 1501.1400 180.0000 117.2933 -1322.9133 2988.0000 640.0800 152.4000
4196010 387025.7400 3710281.3761 1501.1400 180.0000 117.2933 -1322.9133 2989.0000 640.0800 152.4000
4196010 387025.7400 3710281.3761 1501.1400 -177.1875 117.2933 -1321.9379 2992.0000 640.0800 152.4000
4196010 386437.4531 3710269.2581 1455.4200 -177.1875 117.2933 -1321.9379 2993.0000 640.0800 152.4000
4196010 386437.4531 3710269.2581 1455.4200 -175.7812 117.8078 -1321.9379 2994.0000 640.0800 152.4000
4196010 386208.2942 3710245.7348 1440.1800 -174.3750 117.2933 -1322.2630 2995.0000 640.0800 152.4000
4196010 386086.1198 3710220.9511 1424.9400 -174.3750 117.2933 -1322.2630 2996.0000 640.0800 152.4000
4196010 385984.5768 3710203.1162 1417.3200 -171.5625 117.2933 -1322.9133 2998.0000 640.0800 152.4000
4196010 385860.2506 3710176.2456 1417.3200 -167.3437 117.2933 -1323.8886 2999.0000 640.0800 152.4000
4196010 385640.7809 3710133.5844 1402.0800 -163.1250 116.7789 -1325.8394 3000.0000 640.0800 152.4000
4196010 385524.9248 3710104.0793 1402.0800 -161.7187 116.7789 -1326.4896 3001.0000 640.0800 152.4000
4196010 385528.0401 3710068.0846 1394.4600 -158.9062 116.2644 -1326.8147 3002.0000 640.0800 152.4000
4196010 385419.8106 3710024.5301 1394.4600 -157.5000 115.7500 -1326.8147 3003.0000 640.0800 152.4000
4196010 385303.7510 3709978.1087 1386.8400 -154.6875 115.2356 -1326.4896 3004.0000 640.0800 152.4000
4196010 385099.7759 3709928.0836 1379.2200 -153.2812 115.2356 -1326.4896 3005.0000 640.0800 152.4000
4196010 384999.7877 3709862.8607 1371.6000 -150.4688 114.2067 -1326.1645 3006.0000 640.0800 152.4000
4196010 384895.6025 3709802.3423 1371.6000 -147.6562 113.6922 -1326.1645 3007.0000 640.0800 152.4000
4196010 384804.5345 3709712.9019 1363.9800 -146.2500 113.6922 -1326.4896 3008.0000 640.0800 152.4000
4196010 384706.4096 3709685.3095 1363.9800 -143.4375 113.1778 -1326.8147 3009.0000 640.0800 152.4000
4196010 384617.6113 3709608.1116 1356.3600 -142.0312 113.1778 -1326.8147 3010.0000 640.0800 152.4000
4196010 384526.7354 3709475.9450 1348.7400 -139.2187 112.1489 -1326.8147 3011.0000 640.0800 152.4000
4196010 384447.9604 3709407.5121 1341.1200 -136.4063 112.1489 -1327.1398 3012.0000 640.0800 152.4000
4196010 384216.0907 3709160.7061 1325.8800 -130.7813 110.6056 -1326.8147 3016.0000 640.0800 152.4000
4196010 384080.9650 3709062.4949 1325.8800 -127.9687 110.0911 -1326.8147 3017.0000 640.0800 152.4000
4196010 384080.9650 3709062.4949 1325.8800 -125.1562 109.5767 -1326.4896 3018.0000 640.0800 152.4000
4196010 383950.7039 3705658.6503 1242.0600 -71.7187 97.2300 0.0000 3052.0000 640.0800 152.4000
4196010 384010.6859 3705517.4825 1242.0600 -71.7187 97.2300 0.0000 3053.0000 640.0800 152.4000
4196010 384037.1318 3705417.3292 1242.0600 -71.7187 97.2300 0.0000 3054.0000 640.0800 152.4000
4196010 384072.1408 3705321.7265 1242.0600 -71.7187 97.2300 0.0000 3055.0000 640.0800 152.4000
4196010 384071.5716 3705274.3539 1242.0600 -71.7187 97.2300 0.0000 3056.0000 640.0800 152.4000
4196010 384131.8729 3705159.4111 1242.0600 -70.3125 97.2300 0.0000 3057.0000 640.0800 152.4000
4196010 384166.5386 3705035.0469 1242.0600 -68.9062 97.2300 0.0000 3058.0000 640.0800 152.4000
4196010 384202.7398 3704920.3941 1242.0600 -68.9062 97.2300 0.0000 3059.0000 640.0800 152.4000
4196010 384235.7119 3704832.0081 1242.0600 -67.5000 97.2300 0.0000 3060.0000 640.0800 152.4000
4196010 384279.0661 3704781.5705 1242.0600 -64.6875 97.7444 0.0000 3061.0000 640.0800 152.4000
4196010 384364.2351 3704552.1132 1242.0600 -60.4688 97.7444 0.6502 3063.0000 640.0800 152.4000
4196010 384471.3858 3704381.6179 1242.0600 -56.2500 98.2589 0.9754 3065.0000 640.0800 152.4000
4196010 384524.2992 3704300.1860 1242.0600 -53.4375 98.2589 0.9754 3066.0000 640.0800 152.4000
4196010 384583.6802 3704225.8686 1249.6800 -52.0313 98.2589 0.9754 3067.0000 640.0800 152.4000
4196010 384644.5356 3704156.1872 1249.6800 -49.2187 98.2589 0.9754 3069.0000 640.0800 152.4000
4196010 384851.2932 3703953.6257 1249.6800 -40.7812 98.7733 -1331.0413 3072.0000 640.0800 152.4000
4196010 385001.9109 3703859.1868 1249.6800 -39.3750 98.2589 -1330.7162 3073.0000 640.0800 152.4000
4196010 385074.9655 3703801.2079 1242.0600 -39.3750 98.2589 -1330.7162 3074.0000 640.0800 152.4000
4196010 385152.2750 3703743.1790 1242.0600 -36.5625 98.7733 -1329.7408 3075.0000 640.0800 152.4000
4196010 385237.2988 3703677.8675 1242.0600 -35.1563 98.2589 -1329.4157 3076.0000 640.0800 152.4000
4196010 385316.0583 3703622.3609 1242.0600 -35.1563 98.7733 -1328.7654 3077.0000 640.0800 152.4000
4196010 385399.0979 3703568.9193 1234.4400 -33.7500 98.7733 -1328.1152 3078.0000 640.0800 152.4000
4196010 385476.4412 3703513.4309 1234.4400 -33.7500 98.2589 -1327.4650 3079.0000 640.0800 152.4000
4196010 385561.5495 3703454.8899 1226.8200 -32.3437 98.2589 -1327.7901 3080.0000 640.0800 152.4000
4196010 385636.7976 3703401.9659 1226.8200 -32.3437 98.2589 -1327.7901 3081.0000 640.0800 152.4000
4196010 385727.3046 3703320.0960 1219.2000 -32.3437 98.2589 -1327.4650 3082.0000 640.0800 152.4000
4196010 385808.2219 3703266.6833 1211.5800 -32.3437 97.7444 -1326.8147 3083.0000 640.0800 152.4000
4196010 385889.8492 3703213.2629 1211.5800 -30.9375 97.7444 -1327.1398 3084.0000 640.0800 152.4000
4196010 385972.8953 3703159.8264 1203.9600 -30.9375 97.7444 -1327.7901 3085.0000 640.0800 152.4000
4196010 386051.7731 3703113.6314 1203.9600 -30.9375 97.2300 -1327.7901 3086.0000 640.0800 152.4000
4196010 386143.3344 3703060.5190 1203.9600 -30.9375 97.2300 -1328.1152 3087.0000 640.0800 152.4000
4196010 386224.2861 3703009.6477 1196.3400 -30.9375 97.2300 -1328.4403 3089.0000 640.0800 152.4000
4196010 386299.5911 3702960.9587 1196.3400 -30.9375 97.2300 -1328.4403 3090.0000 640.0800 152.4000
4196010 386386.8959 3702907.4759 1188.7200 -30.9375 97.2300 -1327.7901 3091.0000 640.0800 152.4000
4196010 386469.8927 3702849.3913 1181.1000 -30.9375 97.2300 -1327.4650 3092.0000 640.0800 152.4000
4196010 386640.5905 3702771.2413 1181.1000 -30.9375 96.7156 -1327.1398 3093.0000 640.0800 152.4000
4196010 386715.2201 3702725.1018 1173.4800 -30.9375 96.7156 -1327.1398 3094.0000 640.0800 152.4000
4196010 386800.5161 3702681.3760 1173.4800 -30.9375 96.7156 -1327.1398 3095.0000 640.0800 152.4000
4196010 386960.9012 3702569.9339 1165.8600 -30.9375 96.7156 -1328.1152 3097.0000 640.0800 152.4000
4196010 387046.1700 3702523.6726 1158.2400 -30.9375 96.7156 -1328.1152 3098.0000 640.0800 152.4000
4196010 387127.8151 3702470.6860 1158.2400 -32.3437 96.7156 -1328.1152 3099.0000 640.0800 152.4000
4196010 387212.3765 3702424.4345 1150.6200 -32.3437 96.7156 -1328.1152 3100.0000 640.0800 152.4000
4196010 387291.7825 3702361.7460 1150.6200 -32.3437 96.7156 -1327.7901 3101.0000 640.0800 152.4000
4196010 387374.8139 3702305.7843 1143.0000 -32.3437 96.7156 -1327.7901 3102.0000 640.0800 152.4000
4196010 387462.1058 3702250.1967 1143.0000 -32.3437 97.7444 -1327.7901 3103.0000 640.0800 152.4000
4196010 387462.1058 3702250.1967 1143.0000 -32.3437 97.7444 -1327.7901 3104.0000 640.0800 152.4000
4196010 387462.1058 3702250.1967 1143.0000 -32.3437 97.7444 -1327.7901 3112.0000 640.0800 152.4000
4196010 388202.3196 3701744.1260 1112.5200 -32.3437 97.7444 -1327.7901 3113.0000 640.0800 152.4000
4196010 388285.4201 3701693.2481 1104.9000 -32.3437 97.2300 -1327.7901 3114.0000 640.0800 152.4000
4196010 388362.1100 3701639.9068 1097.2800 -32.3437 97.2300 -1326.8147 3115.0000 640.0800 152.4000
4196010 388362.1100 3701639.9068 1097.2800 -32.3437 96.7156 -1327.4650 3116.0000 640.0800 152.4000
4196010 388610.4401 3701525.3626 1089.6600 -32.3437 96.7156 -1328.1152 3117.0000 640.0800 152.4000
4196010 388687.8178 3701469.9010 1089.6600 -32.3437 96.7156 -1328.1152 3118.0000 640.0800 152.4000
4196010 388766.6099 3701414.0007 1082.0400 -32.3437 96.7156 -1328.1152 3120.0000 640.0800 152.4000
4196010 388931.4342 3701314.8097 1074.4200 -32.3437 96.2011 -1327.4650 3121.0000 640.0800 152.4000
4196010 389018.0589 3701261.3597 1074.4200 -30.9375 96.7156 -1327.4650 3122.0000 640.0800 152.4000
4196010 389012.1134 3701237.7389 1066.8000 -30.9375 96.2011 -1327.4650 3123.0000 640.0800 152.4000
4196010 389097.3209 3701184.3059 1066.8000 -29.5312 96.2011 -1328.1152 3124.0000 640.0800 152.4000
4196010 389180.4842 3701138.0885 1059.1800 -29.5312 96.7156 -1328.4403 3125.0000 640.0800 152.4000
4196010 389357.1535 3701081.4942 1059.1800 -28.1250 96.2011 -1328.1152 3126.0000 640.0800 152.4000
4196010 389438.9005 3701035.2954 1051.5600 -23.9062 96.2011 -1327.4650 3127.0000 640.0800 152.4000
4196010 389525.5836 3700986.5027 1051.5600 -21.0938 95.6867 -1328.7654 3128.0000 640.0800 152.4000
4196010 389529.6743 3700972.0733 1051.5600 -19.6875 96.2011 -1329.4157 3129.0000 640.0800 152.4000
4196010 389708.6402 3700929.8420 1043.9400 -16.8750 95.6867 -1330.0659 3130.0000 640.0800 152.4000
4196010 389808.3370 3700902.4774 1043.9400 -15.4687 96.2011 -1329.7408 3131.0000 640.0800 152.4000
4196010 389891.8048 3700882.4900 1043.9400 -14.0625 95.6867 -1329.7408 3132.0000 640.0800 152.4000
4196010 390182.6057 3700819.5351 1036.3200 -8.4375 96.2011 -1329.7408 3135.0000 640.0800 152.4000
4196010 390267.6278 3700811.3779 1036.3200 -8.4375 96.2011 -1329.7408 3136.0000 640.0800 152.4000
4196010 390369.5940 3700796.2609 1036.3200 -5.6250 96.2011 -1330.0659 3137.0000 640.0800 152.4000
4196010 390463.1795 3700792.6614 1036.3200 -4.2188 95.6867 -1330.0659 3138.0000 640.0800 152.4000
4196010 390650.3028 3700781.2356 1028.7000 -1.4062 95.6867 -1329.7408 3140.0000 640.0800 152.4000
4196010 390754.5265 3700777.5186 1028.7000 -1.4062 96.2011 -1329.7408 3141.0000 640.0800 152.4000
4196010 390845.9846 3700773.9470 1028.7000 0.0000 96.2011 -1329.7408 3142.0000 640.0800 152.4000
4196010 390941.7552 3700775.4037 1021.0800 0.0000 96.2011 -1329.4157 3143.0000 640.0800 152.4000
4196010 391039.5962 3700771.7618 1021.0800 0.0000 96.2011 -1328.7654 3144.0000 640.0800 152.4000
4196010 391141.0403 3700773.1565 1021.0800 0.0000 96.2011 -1328.7654 3146.0000 640.0800 152.4000
4196010 391233.2648 3700774.6561 1021.0800 1.4063 95.6867 -1329.7408 3147.0000 640.0800 152.4000
4196010 391416.2382 3700772.5983 1013.4600 1.4063 95.6867 -1329.7408 3148.0000 640.0800 152.4000
4196010 391428.3468 3700777.1154 1013.4600 1.4063 95.6867 -1329.7408 3149.0000 640.0800 152.4000
4196010 391516.3160 3700778.6654 1013.4600 1.4063 95.6867 -1330.0659 3150.0000 640.0800 152.4000
4196010 391616.3366 3700779.6581 1013.4600 1.4063 95.6867 -1330.0659 3151.0000 640.0800 152.4000
4196010 391707.8516 3700781.1702 1005.8400 1.4063 95.6867 -1329.7408 3152.0000 640.0800 152.4000
4196010 391907.2166 3700786.1292 1005.8400 1.4063 95.6867 -1329.4157 3154.0000 640.0800 152.4000
4196010 391995.1807 3700787.2606 998.2200 1.4063 95.6867 -1329.0906 3155.0000 640.0800 152.4000
4196010 392088.8230 3700788.7525 998.2200 1.4063 96.2011 -1328.4403 3156.0000 640.0800 152.4000
4196010 392292.3624 3700786.4816 990.6000 1.4063 96.2011 -1328.4403 3157.0000 640.0800 152.4000
4196010 392286.6888 3700786.5448 990.6000 0.0000 96.7156 -1327.4650 3158.0000 640.0800 152.4000
4196010 392581.7380 3700785.3754 975.3600 0.0000 96.7156 -1326.4896 3160.0000 640.0800 152.4000
4196010 392677.5076 3700786.8493 975.3600 0.0000 96.7156 -1326.4896 3161.0000 640.0800 152.4000
4196010 392775.3484 3700783.2250 975.3600 0.0000 96.7156 -1326.4896 3162.0000 640.0800 152.4000
4196010 392871.0664 3700780.0483 967.7400 0.0000 96.7156 -1326.1645 3163.0000 640.0800 152.4000
4196010 392960.4485 3700781.1728 967.7400 0.0000 96.2011 -1326.8147 3164.0000 640.0800 152.4000
4196010 393062.5492 3700777.9273 960.1200 0.0000 96.2011 -1326.8147 3165.0000 640.0800 152.4000
4196010 393439.0013 3700761.9241 937.2600 0.0000 96.2011 -1326.8147 3169.0000 640.0800 152.4000
4196010 393439.0013 3700761.9241 937.2600 -1.4062 95.1722 -1327.4650 3170.0000 640.0800 152.4000
4196010 393636.8670 3700759.7440 929.6400 -1.4062 95.1722 -1327.4650 3171.0000 640.0800 152.4000
4196010 393636.8670 3700759.7440 929.6400 -1.4062 94.6578 -1327.4650 3173.0000 640.0800 152.4000
4196010 394017.5983 3700745.8314 906.7800 -1.4062 94.6578 -1327.4650 3175.0000 640.0800 152.4000
4196010 395657.2577 3700727.9868 822.9600 -1.4062 94.6578 -1327.4650 3193.0000 640.0800 152.4000
4196010 395753.0263 3700729.4912 815.3400 0.0000 87.9700 -1327.4650 3194.0000 640.0800 152.4000
4196010 395753.0263 3700729.4912 815.3400 0.0000 86.9411 -1327.1398 3195.0000 640.0800 152.4000
4196010 395753.0263 3700729.4912 815.3400 0.0000 86.9411 -1327.1398 3196.0000 640.0800 152.4000
4196010 395753.0263 3700729.4912 815.3400 0.0000 85.3978 -1326.1645 3198.0000 640.0800 152.4000
4196010 396179.9338 3700722.3569 792.4800 0.0000 85.3978 -1326.1645 3199.0000 640.0800 152.4000
4196010 396263.6459 3700723.9959 784.8600 0.0000 84.8833 -1325.5142 3200.0000 640.0800 152.4000
4196010 396351.5587 3700720.5145 784.8600 0.0000 84.3689 -1326.1645 3201.0000 640.0800 152.4000
4196010 396437.3983 3700722.1321 777.2400 0.0000 83.3400 -1328.7654 3202.0000 640.0800 152.4000
4196010 396512.5456 3700718.7890 777.2400 0.0000 83.3400 -1328.7654 3203.0000 640.0800 152.4000
4196010 396600.5128 3700720.3853 769.6200 0.0000 82.3111 -1328.1152 3204.0000 640.0800 152.4000
4196010 396678.4969 3700717.0131 769.6200 0.0000 81.7967 -1327.1398 3205.0000 640.0800 152.4000
4196010 396764.2867 3700713.9812 762.0000 0.0000 81.7967 -1326.8147 3206.0000 640.0800 152.4000
4196010 396852.2493 3700715.1568 762.0000 0.0000 81.7967 -1326.4896 3207.0000 640.0800 152.4000
4196010 396931.6563 3700712.1945 754.3800 0.0000 81.7967 -1327.1398 3208.0000 640.0800 152.4000
4196010 397013.2361 3700713.4397 754.3800 0.0000 81.7967 -1327.1398 3209.0000 640.0800 152.4000
4196010 397095.4799 3700710.4485 746.7600 0.0000 81.2822 -1327.1398 3210.0000 640.0800 152.4000
4196010 397179.1872 3700711.6724 746.7600 0.0000 80.7678 -1327.1398 3211.0000 640.0800 152.4000
4196010 397255.0484 3700708.7505 739.1400 0.0000 80.7678 -1327.7901 3212.0000 640.0800 152.4000
4196010 397336.6280 3700709.9984 739.1400 0.0000 80.2533 -1327.4650 3213.0000 640.0800 152.4000
4196010 397416.0845 3700711.6926 731.5200 0.0000 80.2533 -1327.1398 3214.0000 640.0800 152.4000
4196010 397491.9412 3700708.3496 723.9000 0.0000 79.7389 -1327.4650 3215.0000 640.0800 152.4000
4196010 397576.3620 3700709.9924 723.9000 0.0000 79.2244 -1327.4650 3216.0000 640.0800 152.4000
4196010 397657.8922 3700706.5905 716.2800 0.0000 79.2244 -1327.7901 3217.0000 640.0800 152.4000
4196010 397733.8027 3700708.3249 716.2800 0.0000 79.2244 -1327.7901 3218.0000 640.0800 152.4000
4196010 397815.3329 3700704.9243 708.6600 0.0000 78.7100 -1327.7901 3219.0000 640.0800 152.4000
4196010 397893.3709 3700706.6374 708.6600 0.0000 78.7100 -1328.1152 3221.0000 640.0800 152.4000
4196010 398044.4287 3700705.0424 701.0400 0.0000 78.1956 -1327.1398 3223.0000 640.0800 152.4000
4196010 398128.7958 3700701.6146 693.4200 0.0000 77.6811 -1327.4650 3224.0000 640.0800 152.4000
4196010 398284.1088 3700699.9784 685.8000 0.0000 77.6811 -1327.4650 3225.0000 640.0800 152.4000
4196010 398362.1466 3700701.6953 685.8000 0.0000 77.6811 -1327.4650 3226.0000 640.0800 152.4000
4196010 398439.4218 3700698.3448 678.1800 0.0000 77.6811 -1327.4650 3227.0000 640.0800 152.4000
4196010 398597.5715 3700696.6839 670.5600 0.0000 77.6811 -1327.7901 3229.0000 640.0800 152.4000
4196010 398679.1551 3700698.3661 670.5600 0.0000 78.1956 -1328.4403 3230.0000 640.0800 152.4000
4196010 398752.8844 3700695.0553 670.5600 0.0000 78.7100 -1328.7654 3231.0000 640.0800 152.4000
4196010 398832.2916 3700692.1086 662.9400 0.0000 79.2244 -1327.4650 3232.0000 640.0800 152.4000
4196010 398908.1751 3700691.3144 662.9400 0.0000 79.2244 -1326.8147 3233.0000 640.0800 152.4000
4196010 398996.1148 3700690.3948 655.3200 0.0000 79.2244 -1326.8147 3234.0000 640.0800 152.4000
4196010 399075.5663 3700691.6797 647.7000 0.0000 79.2244 -1326.8147 3235.0000 640.0800 152.4000
4196010 399153.5552 3700688.7504 647.7000 0.0000 79.2244 -1327.1398 3236.0000 640.0800 152.4000
4196010 399231.5883 3700690.0514 640.0800 0.0000 78.7100 -1326.4896 3237.0000 640.0800 152.4000
4196010 399310.9956 3700687.1086 632.4600 0.0000 78.7100 -1326.1645 3238.0000 640.0800 152.4000
4196010 399389.0286 3700688.4108 632.4600 0.0000 78.7100 -1326.4896 3239.0000 640.0800 152.4000
4196010 399470.5635 3700685.4472 624.8400 0.0000 78.1956 -1327.4650 3240.0000 640.0800 152.4000
4196010 399544.3414 3700686.7950 624.8400 0.0000 78.7100 -1328.4403 3241.0000 640.0800 152.4000
4196010 399706.0368 3700685.1154 617.2200 0.0000 78.7100 -1328.4403 3243.0000 640.0800 152.4000
4196010 399781.8982 3700682.2133 609.6000 0.0000 78.7100 -1328.1152 3244.0000 640.0800 152.4000
4196010 399781.8982 3700682.2133 609.6000 0.0000 78.7100 -1327.4650 3246.0000 640.0800 152.4000
4196010 400019.4988 3700681.8670 601.9800 0.0000 78.7100 -1326.8147 3247.0000 640.0800 152.4000
4196010 400093.2327 3700678.9893 601.9800 0.0000 78.7100 -1326.8147 3248.0000 640.0800 152.4000
4196010 400181.1941 3700680.1953 594.3600 0.0000 78.7100 -1327.4650 3249.0000 640.0800 152.4000
4196010 400257.0556 3700677.2969 594.3600 0.0000 78.1956 -1327.7901 3250.0000 640.0800 152.4000
4196010 400332.2515 3700678.6360 586.7400 0.0000 78.1956 -1328.1152 3251.0000 640.0800 152.4000
4196010 400410.2406 3700675.7169 586.7400 0.0000 78.1956 -1328.1152 3252.0000 640.0800 152.4000
4196010 400567.6807 3700674.0956 571.5000 0.0000 78.1956 -1327.1398 3255.0000 640.0800 152.4000
4196010 400725.1208 3700672.4768 563.8800 0.0000 78.1956 -1326.8147 3256.0000 640.0800 152.4000
4196010 400801.0258 3700673.8123 563.8800 0.0000 77.6811 -1327.1398 3257.0000 640.0800 152.4000
4196010 400884.6884 3700670.8388 556.2600 0.0000 77.6811 -1327.7901 3258.0000 640.0800 152.4000
4196010 401042.8376 3700669.2179 548.6400 0.0000 77.6811 -1328.1152 3260.0000 640.0800 152.4000
4196010 401112.3598 3700670.6212 548.6400 0.0000 77.6811 -1328.1152 3261.0000 640.0800 152.4000
4196010 401196.0224 3700667.6504 541.0200 0.0000 77.6811 -1327.4650 3262.0000 640.0800 152.4000
4196010 401274.0548 3700668.9678 541.0200 0.0000 77.6811 -1327.4650 3263.0000 640.0800 152.4000
4196010 401343.5337 3700666.1432 533.4000 0.0000 77.6811 -1326.8147 3264.0000 640.0800 152.4000
4196010 401507.4037 3700669.1246 525.7800 0.0000 78.1956 -1327.7901 3266.0000 640.0800 152.4000
4196010 401738.5733 3700664.2331 518.1600 0.0000 79.2244 -1328.1152 3270.0000 640.0800 152.4000
4196010 401818.6901 3700661.3037 510.5400 0.0000 79.2244 -1327.7901 3271.0000 640.0800 152.4000
4196010 401894.5947 3700662.6478 502.9200 0.0000 79.7389 -1327.1398 3272.0000 640.0800 152.4000
4196010 402055.5804 3700661.0147 502.9200 0.0000 79.2244 -1326.1645 3273.0000 640.0800 152.4000
4196010 402055.5804 3700661.0147 495.3000 0.0000 79.7389 -1327.4650 3274.0000 640.0800 152.4000
4196010 402139.2432 3700658.0521 495.3000 0.0000 79.7389 -1327.4650 3275.0000 640.0800 152.4000
4196010 402293.1370 3700656.4948 487.6800 0.0000 79.7389 -1328.4403 3276.0000 640.0800 152.4000
4196010 402378.9701 3700657.7422 487.6800 0.0000 79.7389 -1328.7654 3277.0000 640.0800 152.4000
4196010 402457.0063 3700659.4922 480.0600 0.0000 79.7389 -1328.7654 3278.0000 640.0800 152.4000
4196010 402536.4097 3700656.1530 480.0600 0.0000 79.7389 -1328.4403 3279.0000 640.0800 152.4000
4196010 402616.5735 3700657.8828 472.4400 0.0000 79.7389 -1327.1398 3280.0000 640.0800 152.4000
4196010 402783.9416 3700656.1975 464.8200 0.0000 80.2533 -1327.4650 3282.0000 640.0800 152.4000
4196010 402857.6716 3700652.9180 464.8200 0.0000 80.2533 -1326.8147 3283.0000 640.0800 152.4000
4196010 402941.3812 3700654.6148 457.2000 0.0000 80.2533 -1326.1645 3284.0000 640.0800 152.4000
4196010 402941.3812 3700654.6148 457.2000 0.0000 80.2533 -1326.1645 3285.0000 640.0800 152.4000
4196010 403100.9482 3700653.0134 449.5800 0.0000 80.2533 -1326.4896 3286.0000 640.0800 152.4000
4196010 403181.0609 3700649.6724 441.9600 0.0000 80.2533 -1326.8147 3287.0000 640.0800 152.4000
4196010 403264.7703 3700651.3720 434.3400 0.0000 80.2533 -1327.1398 3288.0000 640.0800 152.4000
4196010 403342.0463 3700648.0607 434.3400 0.0000 80.2533 -1327.4650 3289.0000 640.0800 152.4000
4196010 403427.8832 3700649.7405 426.7200 0.0000 80.2533 -1328.1152 3290.0000 640.0800 152.4000
4196010 403503.7409 3700646.4447 426.7200 0.0000 80.2533 -1328.4403 3292.0000 640.0800 152.4000
4196010 403579.6491 3700648.2249 426.7200 0.0000 80.2533 -1329.0906 3293.0000 640.0800 152.4000
4196010 403743.4712 3700646.5917 419.1000 0.0000 80.2533 -1329.4157 3294.0000 640.0800 152.4000
4196010 403743.4712 3700646.5917 419.1000 0.0000 79.7389 -1328.1152 3295.0000 640.0800 152.4000
4196010 403906.5377 3700640.3157 411.4800 0.0000 79.7389 -1327.1398 3296.0000 640.0800 152.4000
4196010 403902.9918 3700640.3510 411.4800 0.0000 79.7389 -1327.1398 3297.0000 640.0800 152.4000
4196010 403984.5692 3700641.6551 403.8600 0.0000 79.7389 -1326.8147 3298.0000 640.0800 152.4000
4196010 403984.5692 3700641.6551 403.8600 0.0000 79.2244 -1327.4650 3302.0000 640.0800 152.4000
