11259136 434630 3.69929e+06 30899.1 3.13269e-11 61.7333 0 16518 640.08 152.4
11259137 309418 3.75626e+06 10363.2 150.469 249.506 0 16518 640.08 152.4
11259138 488915 3.78066e+06 10972.8 45 254.65 0 16518 640.08 152.4
11259136 434694 3.69929e+06 30899.1 3.13269e-11 61.7333 0 16519 640.08 152.4
11259137 309204 3.75639e+06 10363.2 150.469 249.506 0 16519 640.08 152.4
11259138 489097 3.78084e+06 10972.8 45 254.65 0 16519 640.08 152.4
11259136 434757 3.69929e+06 30899.1 3.13269e-11 61.7333 0 16520 640.08 152.4
11259137 308991 3.75651e+06 10363.2 150.469 249.506 0 16520 640.08 152.4
11259138 489279 3.78102e+06 10972.8 45 254.65 0 16520 640.08 152.4
11259137 308777 3.75664e+06 10363.2 150.469 249.506 0 16521 640.08 152.4
11259138 489461 3.7812e+06 10972.8 45 254.65 0 16521 640.08 152.4
11259136 434885 3.69929e+06 30899.1 3.13269e-11 61.7333 0 16522 640.08 152.4
11259138 489644 3.78137e+06 10972.8 45 254.65 0 16522 640.08 152.4
11259136 434949 3.69929e+06 30899.1 3.13269e-11 61.7333 0 16523 640.08 152.4
11259137 308349 3.75689e+06 10363.2 150.469 249.506 0 16523 640.08 152.4
11259138 489826 3.78155e+06 10972.8 45 254.65 0 16523 640.08 152.4
11259136 435013 3.69929e+06 30899.1 3.13269e-11 61.7333 0 16524 640.08 152.4
11259137 308135 3.75702e+06 10363.2 150.469 249.506 0 16524 640.08 152.4
11259138 490008 3.78173e+06 10972.8 45 254.65 0 16524 640.08 152.4
11259136 435077 3.69929e+06 30899.1 3.13269e-11 61.7333 0 16525 640.08 152.4
11259137 307922 3.75714e+06 10363.2 150.469 249.506 0 16525 640.08 152.4
11259138 490190 3.78191e+06 10972.8 45 254.65 0 16525 640.08 152.4
11259136 435140 3.69929e+06 30899.1 3.13269e-11 61.7333 0 16526 640.08 152.4
11259137 307708 3.75727e+06 10363.2 150.469 249.506 0 16526 640.08 152.4
11259138 490372 3.78209e+06 10972.8 45 254.65 0 16526 640.08 152.4
11259136 435204 3.69929e+06 30899.1 3.13269e-11 61.7333 0 16527 640.08 152.4
11259137 307495 3.75739e+06 10363.2 150.469 249.506 0 16527 640.08 152.4
11259138 490554 3.78227e+06 10972.8 45 254.65 0 16527 640.08 152.4
11259136 435268 3.69929e+06 30899.1 3.13269e-11 61.7333 0 16528 640.08 152.4
11259137 307281 3.75752e+06 10363.2 150.469 249.506 0 16528 640.08 152.4
11259138 490736 3.78244e+06 10972.8 45 254.65 0 16528 640.08 152.4
11259136 435332 3.69929e+06 30899.1 3.13269e-11 61.7333 0 16529 640.08 152.4
11259137 307067 3.75765e+06 10363.2 150.469 249.506 0 16529 640.08 152.4
11259138 490918 3.78262e+06 10972.8 45 254.65 0 16529 640.08 152.4
11259136 435396 3.69929e+06 30899.1 3.13269e-11 61.7333 0 16530 640.08 152.4
11259137 306853 3.75777e+06 10363.2 150.469 249.506 0 16530 640.08 152.4
11259138 491101 3.7828e+06 10972.8 45 254.65 0 16530 640.08 152.4
11259136 435460 3.69929e+06 30899.1 3.13269e-11 61.7333 0 16531 640.08 152.4
11259137 306639 3.7579e+06 10363.2 150.469 249.506 0 16531 640.08 152.4
11259138 491283 3.78298e+06 10972.8 45 254.65 0 16531 640.08 152.4
11259136 435523 3.69929e+06 30899.1 3.13269e-11 61.7333 0 16532 640.08 152.4
11259137 306426 3.75802e+06 10363.2 150.469 249.506 0 16532 640.08 152.4
11259138 491464 3.78316e+06 10972.8 45 254.65 0 16532 640.08 152.4
11259136 435587 3.69929e+06 30899.1 3.13269e-11 61.7333 0 16533 640.08 152.4
11259137 306212 3.75815e+06 10363.2 150.469 249.506 0 16533 640.08 152.4
11259138 491647 3.78333e+06 10972.8 45 254.65 0 16533 640.08 152.4
11259136 435651 3.69928e+06 30899.1 3.13269e-11 61.7333 0 16534 640.08 152.4
11259137 305999 3.75827e+06 10363.2 150.469 249.506 0 16534 640.08 152.4
11259138 491829 3.78351e+06 10972.8 45 254.65 0 16534 640.08 152.4
11259136 435715 3.69928e+06 30899.1 3.13269e-11 61.7333 0 16535 640.08 152.4
11259137 305785 3.7584e+06 10363.2 150.469 249.506 0 16535 640.08 152.4
11259138 492010 3.78369e+06 10972.8 45 254.65 0 16535 640.08 152.4
11259136 435779 3.69928e+06 30899.1 3.13269e-11 61.7333 0 16536 640.08 152.4
11259137 305571 3.75853e+06 10363.2 150.469 249.506 0 16536 640.08 152.4
11259138 492192 3.78387e+06 10972.8 45 254.65 0 16536 640.08 152.4
