11259136 412608 3.69947e+06 30899.1 3.13269e-11 61.7333 0 20341 640.08 152.4
11259137 383453 3.71319e+06 10363.2 150.469 249.506 0 20341 640.08 152.4
11259138 426166 3.71938e+06 10972.8 45 254.65 0 20341 640.08 152.4
11259136 412671 3.69946e+06 30899.1 3.13269e-11 61.7333 0 20342 640.08 152.4
11259137 383238 3.71332e+06 10363.2 150.469 249.506 0 20342 640.08 152.4
11259138 426348 3.71956e+06 10972.8 45 254.65 0 20342 640.08 152.4
11259136 412735 3.69946e+06 30899.1 3.13269e-11 61.7333 0 20343 640.08 152.4
11259137 383024 3.71344e+06 10363.2 150.469 249.506 0 20343 640.08 152.4
11259138 426530 3.71973e+06 10972.8 45 254.65 0 20343 640.08 152.4
11259136 412799 3.69946e+06 30899.1 3.13269e-11 61.7333 0 20344 640.08 152.4
11259137 382808 3.71357e+06 10363.2 150.469 249.506 0 20344 640.08 152.4
11259138 426713 3.71991e+06 10972.8 45 254.65 0 20344 640.08 152.4
11259136 412863 3.69946e+06 30899.1 3.13269e-11 61.7333 0 20345 640.08 152.4
11259137 382593 3.71369e+06 10363.2 150.469 249.506 0 20345 640.08 152.4
11259138 426896 3.72009e+06 10972.8 45 254.65 0 20345 640.08 152.4
11259136 412927 3.69946e+06 30899.1 3.13269e-11 61.7333 0 20346 640.08 152.4
11259137 382377 3.71381e+06 10363.2 150.469 249.506 0 20346 640.08 152.4
11259138 427078 3.72026e+06 10972.8 45 254.65 0 20346 640.08 152.4
11259136 412991 3.69946e+06 30899.1 3.13269e-11 61.7333 0 20347 640.08 152.4
11259137 382162 3.71394e+06 10363.2 150.469 249.506 0 20347 640.08 152.4
11259138 427261 3.72044e+06 10972.8 45 254.65 0 20347 640.08 152.4
11259136 413054 3.69946e+06 30899.1 3.13269e-11 61.7333 0 20348 640.08 152.4
11259137 381948 3.71406e+06 10363.2 150.469 249.506 0 20348 640.08 152.4
11259138 427443 3.72062e+06 10972.8 45 254.65 0 20348 640.08 152.4
11259136 413118 3.69946e+06 30899.1 3.13269e-11 61.7333 0 20349 640.08 152.4
11259137 381732 3.71419e+06 10363.2 150.469 249.506 0 20349 640.08 152.4
11259138 427626 3.72079e+06 10972.8 45 254.65 0 20349 640.08 152.4
11259136 413182 3.69946e+06 30899.1 3.13269e-11 61.7333 0 20350 640.08 152.4
11259137 381517 3.71431e+06 10363.2 150.469 249.506 0 20350 640.08 152.4
11259138 427808 3.72097e+06 10972.8 45 254.65 0 20350 640.08 152.4
11259136 413246 3.69946e+06 30899.1 3.13269e-11 61.7333 0 20351 640.08 152.4
11259137 381301 3.71443e+06 10363.2 150.469 249.506 0 20351 640.08 152.4
11259138 427991 3.72115e+06 10972.8 45 254.65 0 20351 640.08 152.4
11259136 413310 3.69946e+06 30899.1 3.13269e-11 61.7333 0 20352 640.08 152.4
11259137 381086 3.71456e+06 10363.2 150.469 249.506 0 20352 640.08 152.4
11259138 428173 3.72133e+06 10972.8 45 254.65 0 20352 640.08 152.4
11259136 413374 3.69946e+06 30899.1 3.13269e-11 61.7333 0 20353 640.08 152.4
11259137 380872 3.71468e+06 10363.2 150.469 249.506 0 20353 640.08 152.4
11259138 428356 3.7215e+06 10972.8 45 254.65 0 20353 640.08 152.4
11259136 413437 3.69946e+06 30899.1 3.13269e-11 61.7333 0 20354 640.08 152.4
11259137 380656 3.71481e+06 10363.2 150.469 249.506 0 20354 640.08 152.4
11259138 428538 3.72168e+06 10972.8 45 254.65 0 20354 640.08 152.4
