11259136 416821 3.69943e+06 30899.1 3.13269e-11 61.7333 0 84278 640.08 152.4
11259137 369257 3.72139e+06 10363.2 150.469 249.506 0 84278 640.08 152.4
11259138 438197 3.73107e+06 10972.8 45 254.65 0 84278 640.08 152.4
11259136 416884 3.69943e+06 30899.1 3.13269e-11 61.7333 0 84279 640.08 152.4
11259137 369044 3.72151e+06 10363.2 150.469 249.506 0 84279 640.08 152.4
11259138 438379 3.73125e+06 10972.8 45 254.65 0 84279 640.08 152.4
11259136 416948 3.69943e+06 30899.1 3.13269e-11 61.7333 0 84280 640.08 152.4
11259137 368828 3.72163e+06 10363.2 150.469 249.506 0 84280 640.08 152.4
11259138 438561 3.73143e+06 10972.8 45 254.65 0 84280 640.08 152.4
11259136 417012 3.69943e+06 30899.1 3.13269e-11 61.7333 0 84281 640.08 152.4
11259137 368613 3.72176e+06 10363.2 150.469 249.506 0 84281 640.08 152.4
11259138 438743 3.7316e+06 10972.8 45 254.65 0 84281 640.08 152.4
11259136 417076 3.69943e+06 30899.1 3.13269e-11 61.7333 0 84282 640.08 152.4
11259137 368398 3.72188e+06 10363.2 150.469 249.506 0 84282 640.08 152.4
11259138 438925 3.73178e+06 10972.8 45 254.65 0 84282 640.08 152.4
11259136 417140 3.69943e+06 30899.1 3.13269e-11 61.7333 0 84283 640.08 152.4
11259137 368183 3.72201e+06 10363.2 150.469 249.506 0 84283 640.08 152.4
11259138 439108 3.73196e+06 10972.8 45 254.65 0 84283 640.08 152.4
11259136 417204 3.69943e+06 30899.1 3.13269e-11 61.7333 0 84284 640.08 152.4
11259137 367969 3.72213e+06 10363.2 150.469 249.506 0 84284 640.08 152.4
11259138 439290 3.73213e+06 10972.8 45 254.65 0 84284 640.08 152.4
11259136 417267 3.69942e+06 30899.1 3.13269e-11 61.7333 0 84285 640.08 152.4
11259137 367754 3.72226e+06 10363.2 150.469 249.506 0 84285 640.08 152.4
11259138 439472 3.73231e+06 10972.8 45 254.65 0 84285 640.08 152.4
11259136 417331 3.69942e+06 30899.1 3.13269e-11 61.7333 0 84286 640.08 152.4
11259137 367539 3.72238e+06 10363.2 150.469 249.506 0 84286 640.08 152.4
11259136 417395 3.69942e+06 30899.1 3.13269e-11 61.7333 0 84287 640.08 152.4
11259137 367323 3.72251e+06 10363.2 150.469 249.506 0 84287 640.08 152.4
11259138 439836 3.73267e+06 10972.8 45 254.65 0 84287 640.08 152.4
11259136 417459 3.69942e+06 30899.1 3.13269e-11 61.7333 0 84288 640.08 152.4
11259137 367109 3.72263e+06 10363.2 150.469 249.506 0 84288 640.08 152.4
11259136 417523 3.69942e+06 30899.1 3.13269e-11 61.7333 0 84289 640.08 152.4
11259137 366895 3.72275e+06 10363.2 150.469 249.506 0 84289 640.08 152.4
11259138 440200 3.73302e+06 10972.8 45 254.65 0 84289 640.08 152.4
11259136 417587 3.69942e+06 30899.1 3.13269e-11 61.7333 0 84290 640.08 152.4
11259137 366680 3.72288e+06 10363.2 150.469 249.506 0 84290 640.08 152.4
11259138 440382 3.7332e+06 10972.8 45 254.65 0 84290 640.08 152.4
11259136 417650 3.69942e+06 30899.1 3.13269e-11 61.7333 0 84291 640.08 152.4
11259137 366465 3.723e+06 10363.2 150.469 249.506 0 84291 640.08 152.4
11259138 440564 3.73338e+06 10972.8 45 254.65 0 84291 640.08 152.4
11259136 417714 3.69942e+06 30899.1 3.13269e-11 61.7333 0 84292 640.08 152.4
11259137 366249 3.72313e+06 10363.2 150.469 249.506 0 84292 640.08 152.4
11259138 440746 3.73355e+06 10972.8 45 254.65 0 84292 640.08 152.4
11259136 417778 3.69942e+06 30899.1 3.13269e-11 61.7333 0 84293 640.08 152.4
11259137 366034 3.72325e+06 10363.2 150.469 249.506 0 84293 640.08 152.4
11259138 440928 3.73373e+06 10972.8 45 254.65 0 84293 640.08 152.4
