11259136 408522 3.6995e+06 30899.1 3.13269e-11 61.7333 0 19740 640.08 152.4
11259137 397242 3.70527e+06 10363.2 150.469 249.506 0 19740 640.08 152.4
11259138 414471 3.70805e+06 10972.8 45 254.65 0 19740 640.08 152.4
11259136 408586 3.6995e+06 30899.1 3.13269e-11 61.7333 0 19741 640.08 152.4
11259137 397028 3.70539e+06 10363.2 150.469 249.506 0 19741 640.08 152.4
11259138 414653 3.70823e+06 10972.8 45 254.65 0 19741 640.08 152.4
11259136 408650 3.6995e+06 30899.1 3.13269e-11 61.7333 0 19742 640.08 152.4
11259137 396811 3.70552e+06 10363.2 150.469 249.506 0 19742 640.08 152.4
11259138 414836 3.70841e+06 10972.8 45 254.65 0 19742 640.08 152.4
11259136 408714 3.6995e+06 30899.1 3.13269e-11 61.7333 0 19743 640.08 152.4
11259137 396596 3.70564e+06 10363.2 150.469 249.506 0 19743 640.08 152.4
11259137 396379 3.70576e+06 10363.2 150.469 249.506 0 19744 640.08 152.4
11259138 415202 3.70876e+06 10972.8 45 254.65 0 19744 640.08 152.4
11259136 408841 3.6995e+06 30899.1 3.13269e-11 61.7333 0 19745 640.08 152.4
11259137 396164 3.70589e+06 10363.2 150.469 249.506 0 19745 640.08 152.4
11259138 415385 3.70894e+06 10972.8 45 254.65 0 19745 640.08 152.4
11259136 408905 3.6995e+06 30899.1 3.13269e-11 61.7333 0 19746 640.08 152.4
11259137 395950 3.70601e+06 10363.2 150.469 249.506 0 19746 640.08 152.4
11259138 415568 3.70912e+06 10972.8 45 254.65 0 19746 640.08 152.4
11259136 408969 3.6995e+06 30899.1 3.13269e-11 61.7333 0 19747 640.08 152.4
11259137 395733 3.70614e+06 10363.2 150.469 249.506 0 19747 640.08 152.4
11259138 415751 3.70929e+06 10972.8 45 254.65 0 19747 640.08 152.4
11259136 409033 3.6995e+06 30899.1 3.13269e-11 61.7333 0 19748 640.08 152.4
11259137 395518 3.70626e+06 10363.2 150.469 249.506 0 19748 640.08 152.4
11259138 415934 3.70947e+06 10972.8 45 254.65 0 19748 640.08 152.4
11259136 409097 3.6995e+06 30899.1 3.13269e-11 61.7333 0 19749 640.08 152.4
11259137 395302 3.70638e+06 10363.2 150.469 249.506 0 19749 640.08 152.4
11259138 416117 3.70965e+06 10972.8 45 254.65 0 19749 640.08 152.4
11259136 409161 3.6995e+06 30899.1 3.13269e-11 61.7333 0 19750 640.08 152.4
11259137 395086 3.70651e+06 10363.2 150.469 249.506 0 19750 640.08 152.4
11259138 416300 3.70982e+06 10972.8 45 254.65 0 19750 640.08 152.4
11259136 409224 3.6995e+06 30899.1 3.13269e-11 61.7333 0 19751 640.08 152.4
11259137 394872 3.70663e+06 10363.2 150.469 249.506 0 19751 640.08 152.4
11259138 416483 3.71e+06 10972.8 45 254.65 0 19751 640.08 152.4
11259136 409288 3.6995e+06 30899.1 3.13269e-11 61.7333 0 19752 640.08 152.4
11259137 394656 3.70675e+06 10363.2 150.469 249.506 0 19752 640.08 152.4
11259138 416666 3.71018e+06 10972.8 45 254.65 0 19752 640.08 152.4
11259136 409352 3.6995e+06 30899.1 3.13269e-11 61.7333 0 19753 640.08 152.4
11259137 394440 3.70688e+06 10363.2 150.469 249.506 0 19753 640.08 152.4
11259138 416849 3.71035e+06 10972.8 45 254.65 0 19753 640.08 152.4
11259136 409416 3.69949e+06 30899.1 3.13269e-11 61.7333 0 19754 640.08 152.4
11259137 394224 3.707e+06 10363.2 150.469 249.506 0 19754 640.08 152.4
11259138 417032 3.71053e+06 10972.8 45 254.65 0 19754 640.08 152.4
11259136 409480 3.69949e+06 30899.1 3.13269e-11 61.7333 0 19755 640.08 152.4
11259137 394008 3.70713e+06 10363.2 150.469 249.506 0 19755 640.08 152.4
11259138 417215 3.71071e+06 10972.8 45 254.65 0 19755 640.08 152.4
11259136 409544 3.69949e+06 30899.1 3.13269e-11 61.7333 0 19756 640.08 152.4
11259137 393794 3.70725e+06 10363.2 150.469 249.506 0 19756 640.08 152.4
11259138 417397 3.71088e+06 10972.8 45 254.65 0 19756 640.08 152.4
11259136 409607 3.69949e+06 30899.1 3.13269e-11 61.7333 0 19757 640.08 152.4
11259137 393578 3.70737e+06 10363.2 150.469 249.506 0 19757 640.08 152.4
11259138 417580 3.71106e+06 10972.8 45 254.65 0 19757 640.08 152.4
11259136 409671 3.69949e+06 30899.1 3.13269e-11 61.7333 0 19758 640.08 152.4
11259137 393362 3.7075e+06 10363.2 150.469 249.506 0 19758 640.08 152.4
11259138 417763 3.71124e+06 10972.8 45 254.65 0 19758 640.08 152.4
11259136 409735 3.69949e+06 30899.1 3.13269e-11 61.7333 0 19759 640.08 152.4
11259137 393146 3.70762e+06 10363.2 150.469 249.506 0 19759 640.08 152.4
11259138 417945 3.71141e+06 10972.8 45 254.65 0 19759 640.08 152.4
11259136 409799 3.69949e+06 30899.1 3.13269e-11 61.7333 0 19760 640.08 152.4
11259137 392931 3.70774e+06 10363.2 150.469 249.506 0 19760 640.08 152.4
11259138 418128 3.71159e+06 10972.8 45 254.65 0 19760 640.08 152.4
11259136 409863 3.69949e+06 30899.1 3.13269e-11 61.7333 0 19761 640.08 152.4
11259137 392717 3.70787e+06 10363.2 150.469 249.506 0 19761 640.08 152.4
11259138 418311 3.71177e+06 10972.8 45 254.65 0 19761 640.08 152.4
11259136 409927 3.69949e+06 30899.1 3.13269e-11 61.7333 0 19762 640.08 152.4
11259137 392500 3.70799e+06 10363.2 150.469 249.506 0 19762 640.08 152.4
11259138 418494 3.71195e+06 10972.8 45 254.65 0 19762 640.08 152.4
11259136 409990 3.69949e+06 30899.1 3.13269e-11 61.7333 0 19763 640.08 152.4
11259137 392285 3.70812e+06 10363.2 150.469 249.506 0 19763 640.08 152.4
11259138 418677 3.71212e+06 10972.8 45 254.65 0 19763 640.08 152.4
11259136 410054 3.69949e+06 30899.1 3.13269e-11 61.7333 0 19764 640.08 152.4
11259137 392069 3.70824e+06 10363.2 150.469 249.506 0 19764 640.08 152.4
11259138 418860 3.7123e+06 10972.8 45 254.65 0 19764 640.08 152.4
11259136 410118 3.69949e+06 30899.1 3.13269e-11 61.7333 0 19765 640.08 152.4
11259137 391853 3.70836e+06 10363.2 150.469 249.506 0 19765 640.08 152.4
11259138 419042 3.71248e+06 10972.8 45 254.65 0 19765 640.08 152.4
11259136 410182 3.69949e+06 30899.1 3.13269e-11 61.7333 0 19766 640.08 152.4
11259137 391639 3.70849e+06 10363.2 150.469 249.506 0 19766 640.08 152.4
11259138 419225 3.71265e+06 10972.8 45 254.65 0 19766 640.08 152.4
11259136 410246 3.69949e+06 30899.1 3.13269e-11 61.7333 0 19767 640.08 152.4
11259137 391423 3.70861e+06 10363.2 150.469 249.506 0 19767 640.08 152.4
11259138 419408 3.71283e+06 10972.8 45 254.65 0 19767 640.08 152.4
11259136 410310 3.69949e+06 30899.1 3.13269e-11 61.7333 0 19768 640.08 152.4
11259137 391207 3.70873e+06 10363.2 150.469 249.506 0 19768 640.08 152.4
11259138 419591 3.71301e+06 10972.8 45 254.65 0 19768 640.08 152.4
11259136 410373 3.69949e+06 30899.1 3.13269e-11 61.7333 0 19769 640.08 152.4
11259137 390991 3.70886e+06 10363.2 150.469 249.506 0 19769 640.08 152.4
11259138 419774 3.71318e+06 10972.8 45 254.65 0 19769 640.08 152.4
11259136 410437 3.69949e+06 30899.1 3.13269e-11 61.7333 0 19770 640.08 152.4
11259137 390776 3.70898e+06 10363.2 150.469 249.506 0 19770 640.08 152.4
11259138 419956 3.71336e+06 10972.8 45 254.65 0 19770 640.08 152.4
11259136 410501 3.69948e+06 30899.1 3.13269e-11 61.7333 0 19771 640.08 152.4
11259137 390562 3.70911e+06 10363.2 150.469 249.506 0 19771 640.08 152.4
11259138 420139 3.71354e+06 10972.8 45 254.65 0 19771 640.08 152.4
11259136 410565 3.69948e+06 30899.1 3.13269e-11 61.7333 0 19772 640.08 152.4
11259137 390346 3.70923e+06 10363.2 150.469 249.506 0 19772 640.08 152.4
11259138 420322 3.71371e+06 10972.8 45 254.65 0 19772 640.08 152.4
