11259136 446119 3.69922e+06 30899.1 3.13269e-11 61.7333 0 17955 640.08 152.4
11259137 270925 3.77898e+06 10363.2 150.469 249.506 0 17955 640.08 152.4
11259138 521591 3.8128e+06 10972.8 45 254.65 0 17955 640.08 152.4
11259136 446183 3.69922e+06 30899.1 3.13269e-11 61.7333 0 17956 640.08 152.4
11259137 270712 3.7791e+06 10363.2 150.469 249.506 0 17956 640.08 152.4
11259138 521772 3.81298e+06 10972.8 45 254.65 0 17956 640.08 152.4
11259136 446247 3.69922e+06 30899.1 3.13269e-11 61.7333 0 17957 640.08 152.4
11259137 270498 3.77923e+06 10363.2 150.469 249.506 0 17957 640.08 152.4
11259138 521953 3.81316e+06 10972.8 45 254.65 0 17957 640.08 152.4
11259136 446311 3.69922e+06 30899.1 3.13269e-11 61.7333 0 17958 640.08 152.4
11259137 270285 3.77936e+06 10363.2 150.469 249.506 0 17958 640.08 152.4
11259138 522134 3.81334e+06 10972.8 45 254.65 0 17958 640.08 152.4
11259136 446375 3.69922e+06 30899.1 3.13269e-11 61.7333 0 17959 640.08 152.4
11259137 270072 3.77948e+06 10363.2 150.469 249.506 0 17959 640.08 152.4
11259138 522315 3.81352e+06 10972.8 45 254.65 0 17959 640.08 152.4
11259136 446439 3.69922e+06 30899.1 3.13269e-11 61.7333 0 17960 640.08 152.4
11259137 269859 3.77961e+06 10363.2 150.469 249.506 0 17960 640.08 152.4
11259138 522495 3.81369e+06 10972.8 45 254.65 0 17960 640.08 152.4
11259136 446502 3.69922e+06 30899.1 3.13269e-11 61.7333 0 17961 640.08 152.4
11259137 269645 3.77974e+06 10363.2 150.469 249.506 0 17961 640.08 152.4
11259138 522676 3.81387e+06 10972.8 45 254.65 0 17961 640.08 152.4
11259136 446566 3.69922e+06 30899.1 3.13269e-11 61.7333 0 17962 640.08 152.4
11259137 269432 3.77986e+06 10363.2 150.469 249.506 0 17962 640.08 152.4
11259138 522857 3.81405e+06 10972.8 45 254.65 0 17962 640.08 152.4
11259136 446630 3.69922e+06 30899.1 3.13269e-11 61.7333 0 17963 640.08 152.4
11259137 269217 3.77999e+06 10363.2 150.469 249.506 0 17963 640.08 152.4
11259138 523038 3.81423e+06 10972.8 45 254.65 0 17963 640.08 152.4
11259136 446694 3.69922e+06 30899.1 3.13269e-11 61.7333 0 17964 640.08 152.4
11259137 269004 3.78012e+06 10363.2 150.469 249.506 0 17964 640.08 152.4
11259138 523219 3.81441e+06 10972.8 45 254.65 0 17964 640.08 152.4
11259136 446758 3.69922e+06 30899.1 3.13269e-11 61.7333 0 17965 640.08 152.4
11259137 268790 3.78024e+06 10363.2 150.469 249.506 0 17965 640.08 152.4
11259138 523400 3.81459e+06 10972.8 45 254.65 0 17965 640.08 152.4
11259136 446822 3.69922e+06 30899.1 3.13269e-11 61.7333 0 17966 640.08 152.4
11259137 268577 3.78037e+06 10363.2 150.469 249.506 0 17966 640.08 152.4
11259138 523581 3.81477e+06 10972.8 45 254.65 0 17966 640.08 152.4
11259137 268364 3.7805e+06 10363.2 150.469 249.506 0 17967 640.08 152.4
11259138 523762 3.81495e+06 10972.8 45 254.65 0 17967 640.08 152.4
11259136 446949 3.69922e+06 30899.1 3.13269e-11 61.7333 0 17968 640.08 152.4
11259137 268151 3.78062e+06 10363.2 150.469 249.506 0 17968 640.08 152.4
11259138 523942 3.81513e+06 10972.8 45 254.65 0 17968 640.08 152.4
11259136 447013 3.69922e+06 30899.1 3.13269e-11 61.7333 0 17969 640.08 152.4
11259137 267937 3.78075e+06 10363.2 150.469 249.506 0 17969 640.08 152.4
11259138 524123 3.81531e+06 10972.8 45 254.65 0 17969 640.08 152.4
11259136 447077 3.69922e+06 30899.1 3.13269e-11 61.7333 0 17970 640.08 152.4
11259137 267725 3.78088e+06 10363.2 150.469 249.506 0 17970 640.08 152.4
11259138 524304 3.81548e+06 10972.8 45 254.65 0 17970 640.08 152.4
11259136 447141 3.69922e+06 30899.1 3.13269e-11 61.7333 0 17971 640.08 152.4
11259137 267512 3.781e+06 10363.2 150.469 249.506 0 17971 640.08 152.4
11259138 524485 3.81566e+06 10972.8 45 254.65 0 17971 640.08 152.4
11259136 447205 3.69921e+06 30899.1 3.13269e-11 61.7333 0 17972 640.08 152.4
11259137 267299 3.78113e+06 10363.2 150.469 249.506 0 17972 640.08 152.4
11259138 524666 3.81584e+06 10972.8 45 254.65 0 17972 640.08 152.4
11259136 447268 3.69921e+06 30899.1 3.13269e-11 61.7333 0 17973 640.08 152.4
11259137 267084 3.78126e+06 10363.2 150.469 249.506 0 17973 640.08 152.4
11259138 524846 3.81602e+06 10972.8 45 254.65 0 17973 640.08 152.4
11259136 447332 3.69921e+06 30899.1 3.13269e-11 61.7333 0 17974 640.08 152.4
11259137 266871 3.78138e+06 10363.2 150.469 249.506 0 17974 640.08 152.4
11259138 525027 3.8162e+06 10972.8 45 254.65 0 17974 640.08 152.4
11259136 447396 3.69921e+06 30899.1 3.13269e-11 61.7333 0 17975 640.08 152.4
11259137 266657 3.78151e+06 10363.2 150.469 249.506 0 17975 640.08 152.4
11259138 525208 3.81638e+06 10972.8 45 254.65 0 17975 640.08 152.4
