11259136 415608 3.69944e+06 30899.1 3.13269e-11 61.7333 0 84125 640.08 152.4
11259137 373343 3.71903e+06 10363.2 150.469 249.506 0 84125 640.08 152.4
11259138 434737 3.7277e+06 10972.8 45 254.65 0 84125 640.08 152.4
11259137 373127 3.71915e+06 10363.2 150.469 249.506 0 84126 640.08 152.4
11259138 434919 3.72788e+06 10972.8 45 254.65 0 84126 640.08 152.4
11259136 415735 3.69944e+06 30899.1 3.13269e-11 61.7333 0 84127 640.08 152.4
11259137 372912 3.71927e+06 10363.2 150.469 249.506 0 84127 640.08 152.4
11259138 435101 3.72806e+06 10972.8 45 254.65 0 84127 640.08 152.4
11259136 415799 3.69944e+06 30899.1 3.13269e-11 61.7333 0 84128 640.08 152.4
11259137 372697 3.7194e+06 10363.2 150.469 249.506 0 84128 640.08 152.4
11259136 415863 3.69944e+06 30899.1 3.13269e-11 61.7333 0 84129 640.08 152.4
11259137 372482 3.71952e+06 10363.2 150.469 249.506 0 84129 640.08 152.4
11259138 435465 3.72841e+06 10972.8 45 254.65 0 84129 640.08 152.4
11259136 415927 3.69944e+06 30899.1 3.13269e-11 61.7333 0 84130 640.08 152.4
11259137 372268 3.71965e+06 10363.2 150.469 249.506 0 84130 640.08 152.4
11259138 435647 3.72859e+06 10972.8 45 254.65 0 84130 640.08 152.4
11259136 415991 3.69944e+06 30899.1 3.13269e-11 61.7333 0 84131 640.08 152.4
11259137 372052 3.71977e+06 10363.2 150.469 249.506 0 84131 640.08 152.4
11259138 435830 3.72877e+06 10972.8 45 254.65 0 84131 640.08 152.4
11259137 371837 3.7199e+06 10363.2 150.469 249.506 0 84132 640.08 152.4
11259138 436012 3.72894e+06 10972.8 45 254.65 0 84132 640.08 152.4
11259138 436194 3.72912e+06 10972.8 45 254.65 0 84134 640.08 152.4
11259136 416182 3.69943e+06 30899.1 3.13269e-11 61.7333 0 84135 640.08 152.4
11259137 371407 3.72014e+06 10363.2 150.469 249.506 0 84135 640.08 152.4
11259138 436376 3.7293e+06 10972.8 45 254.65 0 84135 640.08 152.4
11259136 416246 3.69943e+06 30899.1 3.13269e-11 61.7333 0 84136 640.08 152.4
11259137 371193 3.72027e+06 10363.2 150.469 249.506 0 84136 640.08 152.4
11259138 436558 3.72948e+06 10972.8 45 254.65 0 84136 640.08 152.4
11259136 416310 3.69943e+06 30899.1 3.13269e-11 61.7333 0 84137 640.08 152.4
11259137 370978 3.72039e+06 10363.2 150.469 249.506 0 84137 640.08 152.4
11259138 436741 3.72965e+06 10972.8 45 254.65 0 84137 640.08 152.4
11259136 416374 3.69943e+06 30899.1 3.13269e-11 61.7333 0 84138 640.08 152.4
11259137 370763 3.72052e+06 10363.2 150.469 249.506 0 84138 640.08 152.4
11259138 436923 3.72983e+06 10972.8 45 254.65 0 84138 640.08 152.4
11259136 416438 3.69943e+06 30899.1 3.13269e-11 61.7333 0 84139 640.08 152.4
11259137 370547 3.72064e+06 10363.2 150.469 249.506 0 84139 640.08 152.4
11259138 437105 3.73001e+06 10972.8 45 254.65 0 84139 640.08 152.4
11259136 416501 3.69943e+06 30899.1 3.13269e-11 61.7333 0 84140 640.08 152.4
11259137 370332 3.72076e+06 10363.2 150.469 249.506 0 84140 640.08 152.4
11259138 437287 3.73018e+06 10972.8 45 254.65 0 84140 640.08 152.4
11259136 416565 3.69943e+06 30899.1 3.13269e-11 61.7333 0 84141 640.08 152.4
11259137 370119 3.72089e+06 10363.2 150.469 249.506 0 84141 640.08 152.4
11259138 437469 3.73036e+06 10972.8 45 254.65 0 84141 640.08 152.4
11259136 416629 3.69943e+06 30899.1 3.13269e-11 61.7333 0 84142 640.08 152.4
11259137 369903 3.72101e+06 10363.2 150.469 249.506 0 84142 640.08 152.4
11259138 437651 3.73054e+06 10972.8 45 254.65 0 84142 640.08 152.4
11259136 416693 3.69943e+06 30899.1 3.13269e-11 61.7333 0 84143 640.08 152.4
11259137 369688 3.72114e+06 10363.2 150.469 249.506 0 84143 640.08 152.4
11259138 437833 3.73072e+06 10972.8 45 254.65 0 84143 640.08 152.4
11259136 416757 3.69943e+06 30899.1 3.13269e-11 61.7333 0 84144 640.08 152.4
11259137 369472 3.72126e+06 10363.2 150.469 249.506 0 84144 640.08 152.4
11259138 438015 3.73089e+06 10972.8 45 254.65 0 84144 640.08 152.4
