11259136 410629 3.69948e+06 30899.1 3.13269e-11 61.7333 0 19908 640.08 152.4
11259137 390130 3.70935e+06 10363.2 150.469 249.506 0 19908 640.08 152.4
11259138 420504 3.71389e+06 10972.8 45 254.65 0 19908 640.08 152.4
11259136 410693 3.69948e+06 30899.1 3.13269e-11 61.7333 0 19909 640.08 152.4
11259137 389914 3.70948e+06 10363.2 150.469 249.506 0 19909 640.08 152.4
11259138 420687 3.71407e+06 10972.8 45 254.65 0 19909 640.08 152.4
11259136 410756 3.69948e+06 30899.1 3.13269e-11 61.7333 0 19910 640.08 152.4
11259137 389699 3.7096e+06 10363.2 150.469 249.506 0 19910 640.08 152.4
11259138 420870 3.71425e+06 10972.8 45 254.65 0 19910 640.08 152.4
11259136 410820 3.69948e+06 30899.1 3.13269e-11 61.7333 0 19911 640.08 152.4
11259137 389485 3.70972e+06 10363.2 150.469 249.506 0 19911 640.08 152.4
11259138 421052 3.71442e+06 10972.8 45 254.65 0 19911 640.08 152.4
11259136 410884 3.69948e+06 30899.1 3.13269e-11 61.7333 0 19912 640.08 152.4
11259137 389268 3.70985e+06 10363.2 150.469 249.506 0 19912 640.08 152.4
11259138 421235 3.7146e+06 10972.8 45 254.65 0 19912 640.08 152.4
11259137 389053 3.70997e+06 10363.2 150.469 249.506 0 19913 640.08 152.4
11259138 421418 3.71478e+06 10972.8 45 254.65 0 19913 640.08 152.4
11259136 411012 3.69948e+06 30899.1 3.13269e-11 61.7333 0 19914 640.08 152.4
11259137 388837 3.7101e+06 10363.2 150.469 249.506 0 19914 640.08 152.4
11259138 421601 3.71495e+06 10972.8 45 254.65 0 19914 640.08 152.4
11259136 411076 3.69948e+06 30899.1 3.13269e-11 61.7333 0 19915 640.08 152.4
11259137 388622 3.71022e+06 10363.2 150.469 249.506 0 19915 640.08 152.4
11259138 421783 3.71513e+06 10972.8 45 254.65 0 19915 640.08 152.4
11259136 411139 3.69948e+06 30899.1 3.13269e-11 61.7333 0 19916 640.08 152.4
11259137 388408 3.71034e+06 10363.2 150.469 249.506 0 19916 640.08 152.4
11259138 421966 3.71531e+06 10972.8 45 254.65 0 19916 640.08 152.4
11259136 411203 3.69948e+06 30899.1 3.13269e-11 61.7333 0 19917 640.08 152.4
11259137 388191 3.71047e+06 10363.2 150.469 249.506 0 19917 640.08 152.4
11259138 422149 3.71548e+06 10972.8 45 254.65 0 19917 640.08 152.4
11259136 411267 3.69948e+06 30899.1 3.13269e-11 61.7333 0 19918 640.08 152.4
11259137 387976 3.71059e+06 10363.2 150.469 249.506 0 19918 640.08 152.4
11259138 422331 3.71566e+06 10972.8 45 254.65 0 19918 640.08 152.4
11259136 411331 3.69948e+06 30899.1 3.13269e-11 61.7333 0 19919 640.08 152.4
11259137 387760 3.71072e+06 10363.2 150.469 249.506 0 19919 640.08 152.4
11259138 422514 3.71584e+06 10972.8 45 254.65 0 19919 640.08 152.4
11259136 411395 3.69948e+06 30899.1 3.13269e-11 61.7333 0 19920 640.08 152.4
11259137 387545 3.71084e+06 10363.2 150.469 249.506 0 19920 640.08 152.4
11259138 422697 3.71602e+06 10972.8 45 254.65 0 19920 640.08 152.4
11259136 411459 3.69948e+06 30899.1 3.13269e-11 61.7333 0 19921 640.08 152.4
11259137 387331 3.71096e+06 10363.2 150.469 249.506 0 19921 640.08 152.4
11259138 422880 3.71619e+06 10972.8 45 254.65 0 19921 640.08 152.4
11259136 411522 3.69948e+06 30899.1 3.13269e-11 61.7333 0 19922 640.08 152.4
11259137 387115 3.71109e+06 10363.2 150.469 249.506 0 19922 640.08 152.4
11259138 423062 3.71637e+06 10972.8 45 254.65 0 19922 640.08 152.4
11259136 411586 3.69947e+06 30899.1 3.13269e-11 61.7333 0 19923 640.08 152.4
11259137 386899 3.71121e+06 10363.2 150.469 249.506 0 19923 640.08 152.4
