11259136 411650 3.69947e+06 30899.1 3.13269e-11 61.7333 0 20150 640.08 152.4
11259137 386683 3.71133e+06 10363.2 150.469 249.506 0 20150 640.08 152.4
11259138 423428 3.71672e+06 10972.8 45 254.65 0 20150 640.08 152.4
11259136 411714 3.69947e+06 30899.1 3.13269e-11 61.7333 0 20151 640.08 152.4
11259137 386468 3.71146e+06 10363.2 150.469 249.506 0 20151 640.08 152.4
11259136 411778 3.69947e+06 30899.1 3.13269e-11 61.7333 0 20152 640.08 152.4
11259137 386254 3.71158e+06 10363.2 150.469 249.506 0 20152 640.08 152.4
11259138 423792 3.71708e+06 10972.8 45 254.65 0 20152 640.08 152.4
11259136 411842 3.69947e+06 30899.1 3.13269e-11 61.7333 0 20153 640.08 152.4
11259137 386038 3.71171e+06 10363.2 150.469 249.506 0 20153 640.08 152.4
11259138 423975 3.71725e+06 10972.8 45 254.65 0 20153 640.08 152.4
11259136 411905 3.69947e+06 30899.1 3.13269e-11 61.7333 0 20154 640.08 152.4
11259137 385822 3.71183e+06 10363.2 150.469 249.506 0 20154 640.08 152.4
11259138 424157 3.71743e+06 10972.8 45 254.65 0 20154 640.08 152.4
11259136 411969 3.69947e+06 30899.1 3.13269e-11 61.7333 0 20155 640.08 152.4
11259137 385606 3.71195e+06 10363.2 150.469 249.506 0 20155 640.08 152.4
11259138 424340 3.71761e+06 10972.8 45 254.65 0 20155 640.08 152.4
11259136 412033 3.69947e+06 30899.1 3.13269e-11 61.7333 0 20156 640.08 152.4
11259137 385391 3.71208e+06 10363.2 150.469 249.506 0 20156 640.08 152.4
11259138 424523 3.71779e+06 10972.8 45 254.65 0 20156 640.08 152.4
11259136 412097 3.69947e+06 30899.1 3.13269e-11 61.7333 0 20157 640.08 152.4
11259137 385177 3.7122e+06 10363.2 150.469 249.506 0 20157 640.08 152.4
11259136 412161 3.69947e+06 30899.1 3.13269e-11 61.7333 0 20158 640.08 152.4
11259137 384961 3.71233e+06 10363.2 150.469 249.506 0 20158 640.08 152.4
11259136 412225 3.69947e+06 30899.1 3.13269e-11 61.7333 0 20159 640.08 152.4
11259137 384746 3.71245e+06 10363.2 150.469 249.506 0 20159 640.08 152.4
11259136 412288 3.69947e+06 30899.1 3.13269e-11 61.7333 0 20160 640.08 152.4
11259137 384530 3.71257e+06 10363.2 150.469 249.506 0 20160 640.08 152.4
11259136 412352 3.69947e+06 30899.1 3.13269e-11 61.7333 0 20161 640.08 152.4
11259137 384315 3.7127e+06 10363.2 150.469 249.506 0 20161 640.08 152.4
11259136 412416 3.69947e+06 30899.1 3.13269e-11 61.7333 0 20162 640.08 152.4
11259137 384101 3.71282e+06 10363.2 150.469 249.506 0 20162 640.08 152.4
11259138 425618 3.71885e+06 10972.8 45 254.65 0 20162 640.08 152.4
11259136 412480 3.69947e+06 30899.1 3.13269e-11 61.7333 0 20163 640.08 152.4
11259137 383885 3.71295e+06 10363.2 150.469 249.506 0 20163 640.08 152.4
11259138 425801 3.71902e+06 10972.8 45 254.65 0 20163 640.08 152.4
11259136 412544 3.69947e+06 30899.1 3.13269e-11 61.7333 0 20164 640.08 152.4
11259137 383669 3.71307e+06 10363.2 150.469 249.506 0 20164 640.08 152.4
11259138 425983 3.7192e+06 10972.8 45 254.65 0 20164 640.08 152.4
