11259136 406224 3.69953e+06 30899.1 3.13269e-11 61.7333 0 84122 640.08 152.4
11259137 405013 3.70082e+06 10363.2 150.469 249.506 0 84122 640.08 152.4
11259138 407881 3.70169e+06 10972.8 45 254.65 0 84122 640.08 152.4
11259136 406288 3.69952e+06 30899.1 3.13269e-11 61.7333 0 84123 640.08 152.4
11259137 404798 3.70095e+06 10363.2 150.469 249.506 0 84123 640.08 152.4
11259138 408064 3.70187e+06 10972.8 45 254.65 0 84123 640.08 152.4
11259136 406352 3.69952e+06 30899.1 3.13269e-11 61.7333 0 84124 640.08 152.4
11259137 404581 3.70107e+06 10363.2 150.469 249.506 0 84124 640.08 152.4
11259138 408247 3.70204e+06 10972.8 45 254.65 0 84124 640.08 152.4
11259136 406416 3.69952e+06 30899.1 3.13269e-11 61.7333 0 84125 640.08 152.4
11259137 404365 3.70119e+06 10363.2 150.469 249.506 0 84125 640.08 152.4
11259138 408430 3.70222e+06 10972.8 45 254.65 0 84125 640.08 152.4
11259136 406480 3.69952e+06 30899.1 3.13269e-11 61.7333 0 84126 640.08 152.4
11259137 404149 3.70132e+06 10363.2 150.469 249.506 0 84126 640.08 152.4
11259138 408613 3.7024e+06 10972.8 45 254.65 0 84126 640.08 152.4
11259136 406543 3.69952e+06 30899.1 3.13269e-11 61.7333 0 84127 640.08 152.4
11259137 403933 3.70144e+06 10363.2 150.469 249.506 0 84127 640.08 152.4
11259138 408796 3.70257e+06 10972.8 45 254.65 0 84127 640.08 152.4
11259136 406607 3.69952e+06 30899.1 3.13269e-11 61.7333 0 84128 640.08 152.4
11259137 403716 3.70156e+06 10363.2 150.469 249.506 0 84128 640.08 152.4
11259138 408979 3.70275e+06 10972.8 45 254.65 0 84128 640.08 152.4
11259136 406671 3.69952e+06 30899.1 3.13269e-11 61.7333 0 84129 640.08 152.4
11259137 403501 3.70169e+06 10363.2 150.469 249.506 0 84129 640.08 152.4
11259138 409162 3.70293e+06 10972.8 45 254.65 0 84129 640.08 152.4
11259136 406735 3.69952e+06 30899.1 3.13269e-11 61.7333 0 84130 640.08 152.4
11259137 403284 3.70181e+06 10363.2 150.469 249.506 0 84130 640.08 152.4
11259138 409345 3.7031e+06 10972.8 45 254.65 0 84130 640.08 152.4
11259136 406799 3.69952e+06 30899.1 3.13269e-11 61.7333 0 84131 640.08 152.4
11259137 403068 3.70193e+06 10363.2 150.469 249.506 0 84131 640.08 152.4
11259138 409529 3.70328e+06 10972.8 45 254.65 0 84131 640.08 152.4
11259136 406863 3.69952e+06 30899.1 3.13269e-11 61.7333 0 84132 640.08 152.4
11259137 402852 3.70206e+06 10363.2 150.469 249.506 0 84132 640.08 152.4
11259138 409712 3.70346e+06 10972.8 45 254.65 0 84132 640.08 152.4
11259136 406926 3.69952e+06 30899.1 3.13269e-11 61.7333 0 84133 640.08 152.4
11259137 402635 3.70218e+06 10363.2 150.469 249.506 0 84133 640.08 152.4
11259138 409895 3.70364e+06 10972.8 45 254.65 0 84133 640.08 152.4
11259136 406990 3.69952e+06 30899.1 3.13269e-11 61.7333 0 84134 640.08 152.4
11259137 402420 3.7023e+06 10363.2 150.469 249.506 0 84134 640.08 152.4
11259138 410078 3.70381e+06 10972.8 45 254.65 0 84134 640.08 152.4
11259136 407054 3.69952e+06 30899.1 3.13269e-11 61.7333 0 84135 640.08 152.4
11259137 402203 3.70243e+06 10363.2 150.469 249.506 0 84135 640.08 152.4
11259138 410261 3.70399e+06 10972.8 45 254.65 0 84135 640.08 152.4
11259136 407118 3.69952e+06 30899.1 3.13269e-11 61.7333 0 84136 640.08 152.4
11259137 401988 3.70255e+06 10363.2 150.469 249.506 0 84136 640.08 152.4
11259138 410444 3.70417e+06 10972.8 45 254.65 0 84136 640.08 152.4
11259136 407182 3.69952e+06 30899.1 3.13269e-11 61.7333 0 84137 640.08 152.4
11259137 401771 3.70267e+06 10363.2 150.469 249.506 0 84137 640.08 152.4
11259138 410628 3.70434e+06 10972.8 45 254.65 0 84137 640.08 152.4
11259136 407246 3.69952e+06 30899.1 3.13269e-11 61.7333 0 84138 640.08 152.4
11259137 401555 3.7028e+06 10363.2 150.469 249.506 0 84138 640.08 152.4
11259138 410811 3.70452e+06 10972.8 45 254.65 0 84138 640.08 152.4
11259136 407309 3.69951e+06 30899.1 3.13269e-11 61.7333 0 84139 640.08 152.4
11259137 401341 3.70292e+06 10363.2 150.469 249.506 0 84139 640.08 152.4
11259136 407373 3.69951e+06 30899.1 3.13269e-11 61.7333 0 84140 640.08 152.4
11259137 401125 3.70305e+06 10363.2 150.469 249.506 0 84140 640.08 152.4
11259138 411177 3.70487e+06 10972.8 45 254.65 0 84140 640.08 152.4
11259136 407437 3.69951e+06 30899.1 3.13269e-11 61.7333 0 84141 640.08 152.4
11259137 400909 3.70317e+06 10363.2 150.469 249.506 0 84141 640.08 152.4
11259138 411360 3.70505e+06 10972.8 45 254.65 0 84141 640.08 152.4
11259136 407501 3.69951e+06 30899.1 3.13269e-11 61.7333 0 84142 640.08 152.4
11259137 400692 3.70329e+06 10363.2 150.469 249.506 0 84142 640.08 152.4
11259138 411543 3.70523e+06 10972.8 45 254.65 0 84142 640.08 152.4
11259136 407565 3.69951e+06 30899.1 3.13269e-11 61.7333 0 84143 640.08 152.4
11259137 400477 3.70342e+06 10363.2 150.469 249.506 0 84143 640.08 152.4
11259138 411726 3.7054e+06 10972.8 45 254.65 0 84143 640.08 152.4
11259136 407629 3.69951e+06 30899.1 3.13269e-11 61.7333 0 84144 640.08 152.4
11259137 400263 3.70354e+06 10363.2 150.469 249.506 0 84144 640.08 152.4
11259138 411909 3.70558e+06 10972.8 45 254.65 0 84144 640.08 152.4
11259136 407692 3.69951e+06 30899.1 3.13269e-11 61.7333 0 84145 640.08 152.4
11259137 400046 3.70366e+06 10363.2 150.469 249.506 0 84145 640.08 152.4
11259138 412092 3.70576e+06 10972.8 45 254.65 0 84145 640.08 152.4
11259136 407756 3.69951e+06 30899.1 3.13269e-11 61.7333 0 84146 640.08 152.4
11259137 399830 3.70379e+06 10363.2 150.469 249.506 0 84146 640.08 152.4
11259136 407820 3.69951e+06 30899.1 3.13269e-11 61.7333 0 84147 640.08 152.4
11259137 399614 3.70391e+06 10363.2 150.469 249.506 0 84147 640.08 152.4
11259138 412458 3.70611e+06 10972.8 45 254.65 0 84147 640.08 152.4
11259136 407884 3.69951e+06 30899.1 3.13269e-11 61.7333 0 84148 640.08 152.4
11259137 399398 3.70403e+06 10363.2 150.469 249.506 0 84148 640.08 152.4
11259138 412641 3.70629e+06 10972.8 45 254.65 0 84148 640.08 152.4
11259136 407948 3.69951e+06 30899.1 3.13269e-11 61.7333 0 84149 640.08 152.4
11259137 399184 3.70416e+06 10363.2 150.469 249.506 0 84149 640.08 152.4
11259136 408012 3.69951e+06 30899.1 3.13269e-11 61.7333 0 84150 640.08 152.4
11259137 398968 3.70428e+06 10363.2 150.469 249.506 0 84150 640.08 152.4
11259138 413007 3.70664e+06 10972.8 45 254.65 0 84150 640.08 152.4
11259136 408075 3.69951e+06 30899.1 3.13269e-11 61.7333 0 84151 640.08 152.4
11259137 398752 3.7044e+06 10363.2 150.469 249.506 0 84151 640.08 152.4
11259138 413190 3.70682e+06 10972.8 45 254.65 0 84151 640.08 152.4
11259136 408139 3.69951e+06 30899.1 3.13269e-11 61.7333 0 84152 640.08 152.4
11259137 398536 3.70453e+06 10363.2 150.469 249.506 0 84152 640.08 152.4
11259138 413373 3.70699e+06 10972.8 45 254.65 0 84152 640.08 152.4
11259136 408203 3.69951e+06 30899.1 3.13269e-11 61.7333 0 84153 640.08 152.4
11259137 398320 3.70465e+06 10363.2 150.469 249.506 0 84153 640.08 152.4
11259138 413556 3.70717e+06 10972.8 45 254.65 0 84153 640.08 152.4
11259136 408267 3.69951e+06 30899.1 3.13269e-11 61.7333 0 84154 640.08 152.4
11259137 398106 3.70478e+06 10363.2 150.469 249.506 0 84154 640.08 152.4
11259138 413739 3.70735e+06 10972.8 45 254.65 0 84154 640.08 152.4
11259136 408331 3.69951e+06 30899.1 3.13269e-11 61.7333 0 84155 640.08 152.4
11259137 397889 3.7049e+06 10363.2 150.469 249.506 0 84155 640.08 152.4
11259138 413922 3.70752e+06 10972.8 45 254.65 0 84155 640.08 152.4
11259136 408395 3.6995e+06 30899.1 3.13269e-11 61.7333 0 84156 640.08 152.4
11259137 397674 3.70502e+06 10363.2 150.469 249.506 0 84156 640.08 152.4
11259138 414105 3.7077e+06 10972.8 45 254.65 0 84156 640.08 152.4
11259136 408458 3.6995e+06 30899.1 3.13269e-11 61.7333 0 84157 640.08 152.4
11259137 397458 3.70515e+06 10363.2 150.469 249.506 0 84157 640.08 152.4
11259138 414288 3.70788e+06 10972.8 45 254.65 0 84157 640.08 152.4
11259136 408522 3.6995e+06 30899.1 3.13269e-11 61.7333 0 84158 640.08 152.4
11259137 397242 3.70527e+06 10363.2 150.469 249.506 0 84158 640.08 152.4
11259138 414471 3.70805e+06 10972.8 45 254.65 0 84158 640.08 152.4
11259136 408586 3.6995e+06 30899.1 3.13269e-11 61.7333 0 84159 640.08 152.4
11259137 397028 3.70539e+06 10363.2 150.469 249.506 0 84159 640.08 152.4
11259138 414653 3.70823e+06 10972.8 45 254.65 0 84159 640.08 152.4
11259136 408650 3.6995e+06 30899.1 3.13269e-11 61.7333 0 84160 640.08 152.4
11259138 414836 3.70841e+06 10972.8 45 254.65 0 84160 640.08 152.4
11259136 408714 3.6995e+06 30899.1 3.13269e-11 61.7333 0 84161 640.08 152.4
11259137 396596 3.70564e+06 10363.2 150.469 249.506 0 84161 640.08 152.4
11259136 408778 3.6995e+06 30899.1 3.13269e-11 61.7333 0 84162 640.08 152.4
11259137 396379 3.70576e+06 10363.2 150.469 249.506 0 84162 640.08 152.4
11259138 415202 3.70876e+06 10972.8 45 254.65 0 84162 640.08 152.4
11259136 408841 3.6995e+06 30899.1 3.13269e-11 61.7333 0 84163 640.08 152.4
11259137 396164 3.70589e+06 10363.2 150.469 249.506 0 84163 640.08 152.4
11259138 415385 3.70894e+06 10972.8 45 254.65 0 84163 640.08 152.4
11259136 408905 3.6995e+06 30899.1 3.13269e-11 61.7333 0 84164 640.08 152.4
11259137 395950 3.70601e+06 10363.2 150.469 249.506 0 84164 640.08 152.4
11259138 415568 3.70912e+06 10972.8 45 254.65 0 84164 640.08 152.4
11259136 408969 3.6995e+06 30899.1 3.13269e-11 61.7333 0 84165 640.08 152.4
11259137 395733 3.70614e+06 10363.2 150.469 249.506 0 84165 640.08 152.4
11259138 415751 3.70929e+06 10972.8 45 254.65 0 84165 640.08 152.4
11259136 409033 3.6995e+06 30899.1 3.13269e-11 61.7333 0 84166 640.08 152.4
11259137 395518 3.70626e+06 10363.2 150.469 249.506 0 84166 640.08 152.4
11259138 415934 3.70947e+06 10972.8 45 254.65 0 84166 640.08 152.4
11259136 409097 3.6995e+06 30899.1 3.13269e-11 61.7333 0 84167 640.08 152.4
11259136 409161 3.6995e+06 30899.1 3.13269e-11 61.7333 0 84168 640.08 152.4
11259137 395086 3.70651e+06 10363.2 150.469 249.506 0 84168 640.08 152.4
11259138 416300 3.70982e+06 10972.8 45 254.65 0 84168 640.08 152.4
11259136 409224 3.6995e+06 30899.1 3.13269e-11 61.7333 0 84170 640.08 152.4
11259137 394872 3.70663e+06 10363.2 150.469 249.506 0 84170 640.08 152.4
11259138 416483 3.71e+06 10972.8 45 254.65 0 84170 640.08 152.4
11259136 409288 3.6995e+06 30899.1 3.13269e-11 61.7333 0 84171 640.08 152.4
11259137 394656 3.70675e+06 10363.2 150.469 249.506 0 84171 640.08 152.4
11259138 416666 3.71018e+06 10972.8 45 254.65 0 84171 640.08 152.4
11259136 409352 3.6995e+06 30899.1 3.13269e-11 61.7333 0 84172 640.08 152.4
11259137 394440 3.70688e+06 10363.2 150.469 249.506 0 84172 640.08 152.4
11259138 416849 3.71035e+06 10972.8 45 254.65 0 84172 640.08 152.4
11259136 409416 3.69949e+06 30899.1 3.13269e-11 61.7333 0 84173 640.08 152.4
11259137 394224 3.707e+06 10363.2 150.469 249.506 0 84173 640.08 152.4
11259138 417032 3.71053e+06 10972.8 45 254.65 0 84173 640.08 152.4
11259136 409480 3.69949e+06 30899.1 3.13269e-11 61.7333 0 84174 640.08 152.4
11259137 394008 3.70713e+06 10363.2 150.469 249.506 0 84174 640.08 152.4
11259138 417215 3.71071e+06 10972.8 45 254.65 0 84174 640.08 152.4
11259136 409544 3.69949e+06 30899.1 3.13269e-11 61.7333 0 84175 640.08 152.4
11259137 393794 3.70725e+06 10363.2 150.469 249.506 0 84175 640.08 152.4
11259138 417397 3.71088e+06 10972.8 45 254.65 0 84175 640.08 152.4
11259136 409607 3.69949e+06 30899.1 3.13269e-11 61.7333 0 84176 640.08 152.4
11259137 393578 3.70737e+06 10363.2 150.469 249.506 0 84176 640.08 152.4
11259138 417580 3.71106e+06 10972.8 45 254.65 0 84176 640.08 152.4
11259137 393362 3.7075e+06 10363.2 150.469 249.506 0 84177 640.08 152.4
11259138 417763 3.71124e+06 10972.8 45 254.65 0 84177 640.08 152.4
11259136 409735 3.69949e+06 30899.1 3.13269e-11 61.7333 0 84178 640.08 152.4
11259137 393146 3.70762e+06 10363.2 150.469 249.506 0 84178 640.08 152.4
11259138 417945 3.71141e+06 10972.8 45 254.65 0 84178 640.08 152.4
11259136 409799 3.69949e+06 30899.1 3.13269e-11 61.7333 0 84179 640.08 152.4
11259137 392931 3.70774e+06 10363.2 150.469 249.506 0 84179 640.08 152.4
11259138 418128 3.71159e+06 10972.8 45 254.65 0 84179 640.08 152.4
11259136 409863 3.69949e+06 30899.1 3.13269e-11 61.7333 0 84180 640.08 152.4
11259137 392717 3.70787e+06 10363.2 150.469 249.506 0 84180 640.08 152.4
11259138 418311 3.71177e+06 10972.8 45 254.65 0 84180 640.08 152.4
11259136 409927 3.69949e+06 30899.1 3.13269e-11 61.7333 0 84181 640.08 152.4
11259137 392500 3.70799e+06 10363.2 150.469 249.506 0 84181 640.08 152.4
11259138 418494 3.71195e+06 10972.8 45 254.65 0 84181 640.08 152.4
11259136 409990 3.69949e+06 30899.1 3.13269e-11 61.7333 0 84182 640.08 152.4
11259137 392285 3.70812e+06 10363.2 150.469 249.506 0 84182 640.08 152.4
11259138 418677 3.71212e+06 10972.8 45 254.65 0 84182 640.08 152.4
11259136 410054 3.69949e+06 30899.1 3.13269e-11 61.7333 0 84183 640.08 152.4
11259137 392069 3.70824e+06 10363.2 150.469 249.506 0 84183 640.08 152.4
11259138 418860 3.7123e+06 10972.8 45 254.65 0 84183 640.08 152.4
11259136 410118 3.69949e+06 30899.1 3.13269e-11 61.7333 0 84184 640.08 152.4
11259137 391853 3.70836e+06 10363.2 150.469 249.506 0 84184 640.08 152.4
11259138 419042 3.71248e+06 10972.8 45 254.65 0 84184 640.08 152.4
11259136 410182 3.69949e+06 30899.1 3.13269e-11 61.7333 0 84185 640.08 152.4
11259137 391639 3.70849e+06 10363.2 150.469 249.506 0 84185 640.08 152.4
11259138 419225 3.71265e+06 10972.8 45 254.65 0 84185 640.08 152.4
11259136 410246 3.69949e+06 30899.1 3.13269e-11 61.7333 0 84186 640.08 152.4
11259137 391423 3.70861e+06 10363.2 150.469 249.506 0 84186 640.08 152.4
11259138 419408 3.71283e+06 10972.8 45 254.65 0 84186 640.08 152.4
11259136 410310 3.69949e+06 30899.1 3.13269e-11 61.7333 0 84187 640.08 152.4
11259137 391207 3.70873e+06 10363.2 150.469 249.506 0 84187 640.08 152.4
11259138 419591 3.71301e+06 10972.8 45 254.65 0 84187 640.08 152.4
11259136 410373 3.69949e+06 30899.1 3.13269e-11 61.7333 0 84188 640.08 152.4
11259137 390991 3.70886e+06 10363.2 150.469 249.506 0 84188 640.08 152.4
11259138 419774 3.71318e+06 10972.8 45 254.65 0 84188 640.08 152.4
11259136 410437 3.69949e+06 30899.1 3.13269e-11 61.7333 0 84189 640.08 152.4
11259137 390776 3.70898e+06 10363.2 150.469 249.506 0 84189 640.08 152.4
11259138 419956 3.71336e+06 10972.8 45 254.65 0 84189 640.08 152.4
11259136 410501 3.69948e+06 30899.1 3.13269e-11 61.7333 0 84190 640.08 152.4
11259137 390562 3.70911e+06 10363.2 150.469 249.506 0 84190 640.08 152.4
11259138 420139 3.71354e+06 10972.8 45 254.65 0 84190 640.08 152.4
11259136 410565 3.69948e+06 30899.1 3.13269e-11 61.7333 0 84191 640.08 152.4
11259137 390346 3.70923e+06 10363.2 150.469 249.506 0 84191 640.08 152.4
11259138 420322 3.71371e+06 10972.8 45 254.65 0 84191 640.08 152.4
11259136 410629 3.69948e+06 30899.1 3.13269e-11 61.7333 0 84192 640.08 152.4
11259137 390130 3.70935e+06 10363.2 150.469 249.506 0 84192 640.08 152.4
11259138 420504 3.71389e+06 10972.8 45 254.65 0 84192 640.08 152.4
11259136 410693 3.69948e+06 30899.1 3.13269e-11 61.7333 0 84193 640.08 152.4
11259137 389914 3.70948e+06 10363.2 150.469 249.506 0 84193 640.08 152.4
11259138 420687 3.71407e+06 10972.8 45 254.65 0 84193 640.08 152.4
11259136 410756 3.69948e+06 30899.1 3.13269e-11 61.7333 0 84194 640.08 152.4
11259137 389699 3.7096e+06 10363.2 150.469 249.506 0 84194 640.08 152.4
11259138 420870 3.71425e+06 10972.8 45 254.65 0 84194 640.08 152.4
11259136 410820 3.69948e+06 30899.1 3.13269e-11 61.7333 0 84195 640.08 152.4
11259137 389485 3.70972e+06 10363.2 150.469 249.506 0 84195 640.08 152.4
11259138 421052 3.71442e+06 10972.8 45 254.65 0 84195 640.08 152.4
11259136 410884 3.69948e+06 30899.1 3.13269e-11 61.7333 0 84196 640.08 152.4
11259137 389268 3.70985e+06 10363.2 150.469 249.506 0 84196 640.08 152.4
11259138 421235 3.7146e+06 10972.8 45 254.65 0 84196 640.08 152.4
11259136 410948 3.69948e+06 30899.1 3.13269e-11 61.7333 0 84197 640.08 152.4
11259137 389053 3.70997e+06 10363.2 150.469 249.506 0 84197 640.08 152.4
11259138 421418 3.71478e+06 10972.8 45 254.65 0 84197 640.08 152.4
11259136 411012 3.69948e+06 30899.1 3.13269e-11 61.7333 0 84198 640.08 152.4
11259137 388837 3.7101e+06 10363.2 150.469 249.506 0 84198 640.08 152.4
11259138 421601 3.71495e+06 10972.8 45 254.65 0 84198 640.08 152.4
11259136 411076 3.69948e+06 30899.1 3.13269e-11 61.7333 0 84199 640.08 152.4
11259137 388622 3.71022e+06 10363.2 150.469 249.506 0 84199 640.08 152.4
11259138 421783 3.71513e+06 10972.8 45 254.65 0 84199 640.08 152.4
11259136 411139 3.69948e+06 30899.1 3.13269e-11 61.7333 0 84200 640.08 152.4
11259137 388408 3.71034e+06 10363.2 150.469 249.506 0 84200 640.08 152.4
11259138 421966 3.71531e+06 10972.8 45 254.65 0 84200 640.08 152.4
11259136 411203 3.69948e+06 30899.1 3.13269e-11 61.7333 0 84201 640.08 152.4
11259137 388191 3.71047e+06 10363.2 150.469 249.506 0 84201 640.08 152.4
11259138 422149 3.71548e+06 10972.8 45 254.65 0 84201 640.08 152.4
11259136 411267 3.69948e+06 30899.1 3.13269e-11 61.7333 0 84202 640.08 152.4
11259138 422331 3.71566e+06 10972.8 45 254.65 0 84202 640.08 152.4
11259136 411331 3.69948e+06 30899.1 3.13269e-11 61.7333 0 84203 640.08 152.4
11259137 387760 3.71072e+06 10363.2 150.469 249.506 0 84203 640.08 152.4
11259138 422514 3.71584e+06 10972.8 45 254.65 0 84203 640.08 152.4
11259136 411395 3.69948e+06 30899.1 3.13269e-11 61.7333 0 84204 640.08 152.4
11259137 387545 3.71084e+06 10363.2 150.469 249.506 0 84204 640.08 152.4
11259138 422697 3.71602e+06 10972.8 45 254.65 0 84204 640.08 152.4
11259136 411459 3.69948e+06 30899.1 3.13269e-11 61.7333 0 84205 640.08 152.4
11259137 387331 3.71096e+06 10363.2 150.469 249.506 0 84205 640.08 152.4
11259138 422880 3.71619e+06 10972.8 45 254.65 0 84205 640.08 152.4
11259136 411522 3.69948e+06 30899.1 3.13269e-11 61.7333 0 84206 640.08 152.4
11259137 387115 3.71109e+06 10363.2 150.469 249.506 0 84206 640.08 152.4
11259138 423062 3.71637e+06 10972.8 45 254.65 0 84206 640.08 152.4
11259136 411586 3.69947e+06 30899.1 3.13269e-11 61.7333 0 84207 640.08 152.4
11259137 386899 3.71121e+06 10363.2 150.469 249.506 0 84207 640.08 152.4
11259136 411650 3.69947e+06 30899.1 3.13269e-11 61.7333 0 84208 640.08 152.4
11259137 386683 3.71133e+06 10363.2 150.469 249.506 0 84208 640.08 152.4
11259138 423428 3.71672e+06 10972.8 45 254.65 0 84208 640.08 152.4
11259136 411714 3.69947e+06 30899.1 3.13269e-11 61.7333 0 84209 640.08 152.4
11259137 386468 3.71146e+06 10363.2 150.469 249.506 0 84209 640.08 152.4
11259138 423610 3.7169e+06 10972.8 45 254.65 0 84209 640.08 152.4
11259136 411778 3.69947e+06 30899.1 3.13269e-11 61.7333 0 84210 640.08 152.4
11259137 386254 3.71158e+06 10363.2 150.469 249.506 0 84210 640.08 152.4
11259138 423792 3.71708e+06 10972.8 45 254.65 0 84210 640.08 152.4
11259136 411842 3.69947e+06 30899.1 3.13269e-11 61.7333 0 84211 640.08 152.4
11259137 386038 3.71171e+06 10363.2 150.469 249.506 0 84211 640.08 152.4
11259138 423975 3.71725e+06 10972.8 45 254.65 0 84211 640.08 152.4
11259136 411905 3.69947e+06 30899.1 3.13269e-11 61.7333 0 84212 640.08 152.4
11259137 385822 3.71183e+06 10363.2 150.469 249.506 0 84212 640.08 152.4
11259138 424157 3.71743e+06 10972.8 45 254.65 0 84212 640.08 152.4
11259136 411969 3.69947e+06 30899.1 3.13269e-11 61.7333 0 84213 640.08 152.4
11259137 385606 3.71195e+06 10363.2 150.469 249.506 0 84213 640.08 152.4
11259138 424340 3.71761e+06 10972.8 45 254.65 0 84213 640.08 152.4
11259136 412033 3.69947e+06 30899.1 3.13269e-11 61.7333 0 84214 640.08 152.4
11259137 385391 3.71208e+06 10363.2 150.469 249.506 0 84214 640.08 152.4
11259138 424523 3.71779e+06 10972.8 45 254.65 0 84214 640.08 152.4
11259136 412097 3.69947e+06 30899.1 3.13269e-11 61.7333 0 84215 640.08 152.4
11259137 385177 3.7122e+06 10363.2 150.469 249.506 0 84215 640.08 152.4
11259136 412161 3.69947e+06 30899.1 3.13269e-11 61.7333 0 84216 640.08 152.4
11259137 384961 3.71233e+06 10363.2 150.469 249.506 0 84216 640.08 152.4
11259136 412225 3.69947e+06 30899.1 3.13269e-11 61.7333 0 84217 640.08 152.4
11259137 384746 3.71245e+06 10363.2 150.469 249.506 0 84217 640.08 152.4
11259136 412288 3.69947e+06 30899.1 3.13269e-11 61.7333 0 84218 640.08 152.4
11259137 384530 3.71257e+06 10363.2 150.469 249.506 0 84218 640.08 152.4
11259136 412352 3.69947e+06 30899.1 3.13269e-11 61.7333 0 84219 640.08 152.4
11259137 384315 3.7127e+06 10363.2 150.469 249.506 0 84219 640.08 152.4
11259136 412416 3.69947e+06 30899.1 3.13269e-11 61.7333 0 84220 640.08 152.4
11259137 384101 3.71282e+06 10363.2 150.469 249.506 0 84220 640.08 152.4
11259138 425618 3.71885e+06 10972.8 45 254.65 0 84220 640.08 152.4
11259136 412480 3.69947e+06 30899.1 3.13269e-11 61.7333 0 84221 640.08 152.4
11259137 383885 3.71295e+06 10363.2 150.469 249.506 0 84221 640.08 152.4
11259138 425801 3.71902e+06 10972.8 45 254.65 0 84221 640.08 152.4
11259136 412544 3.69947e+06 30899.1 3.13269e-11 61.7333 0 84222 640.08 152.4
11259137 383669 3.71307e+06 10363.2 150.469 249.506 0 84222 640.08 152.4
11259138 425983 3.7192e+06 10972.8 45 254.65 0 84222 640.08 152.4
11259136 412608 3.69947e+06 30899.1 3.13269e-11 61.7333 0 84223 640.08 152.4
11259137 383453 3.71319e+06 10363.2 150.469 249.506 0 84223 640.08 152.4
11259138 426166 3.71938e+06 10972.8 45 254.65 0 84223 640.08 152.4
11259136 412671 3.69946e+06 30899.1 3.13269e-11 61.7333 0 84224 640.08 152.4
11259137 383238 3.71332e+06 10363.2 150.469 249.506 0 84224 640.08 152.4
11259138 426348 3.71956e+06 10972.8 45 254.65 0 84224 640.08 152.4
11259136 412735 3.69946e+06 30899.1 3.13269e-11 61.7333 0 84225 640.08 152.4
11259137 383024 3.71344e+06 10363.2 150.469 249.506 0 84225 640.08 152.4
11259138 426530 3.71973e+06 10972.8 45 254.65 0 84225 640.08 152.4
11259136 412799 3.69946e+06 30899.1 3.13269e-11 61.7333 0 84226 640.08 152.4
11259137 382808 3.71357e+06 10363.2 150.469 249.506 0 84226 640.08 152.4
11259138 426713 3.71991e+06 10972.8 45 254.65 0 84226 640.08 152.4
11259136 412863 3.69946e+06 30899.1 3.13269e-11 61.7333 0 84227 640.08 152.4
11259137 382593 3.71369e+06 10363.2 150.469 249.506 0 84227 640.08 152.4
11259138 426896 3.72009e+06 10972.8 45 254.65 0 84227 640.08 152.4
11259136 412927 3.69946e+06 30899.1 3.13269e-11 61.7333 0 84228 640.08 152.4
11259137 382377 3.71381e+06 10363.2 150.469 249.506 0 84228 640.08 152.4
11259138 427078 3.72026e+06 10972.8 45 254.65 0 84228 640.08 152.4
11259136 412991 3.69946e+06 30899.1 3.13269e-11 61.7333 0 84229 640.08 152.4
11259137 382162 3.71394e+06 10363.2 150.469 249.506 0 84229 640.08 152.4
11259138 427261 3.72044e+06 10972.8 45 254.65 0 84229 640.08 152.4
11259136 413054 3.69946e+06 30899.1 3.13269e-11 61.7333 0 84230 640.08 152.4
11259137 381948 3.71406e+06 10363.2 150.469 249.506 0 84230 640.08 152.4
11259138 427443 3.72062e+06 10972.8 45 254.65 0 84230 640.08 152.4
11259136 413118 3.69946e+06 30899.1 3.13269e-11 61.7333 0 84231 640.08 152.4
11259137 381732 3.71419e+06 10363.2 150.469 249.506 0 84231 640.08 152.4
11259138 427626 3.72079e+06 10972.8 45 254.65 0 84231 640.08 152.4
11259136 413182 3.69946e+06 30899.1 3.13269e-11 61.7333 0 84232 640.08 152.4
11259137 381517 3.71431e+06 10363.2 150.469 249.506 0 84232 640.08 152.4
11259138 427808 3.72097e+06 10972.8 45 254.65 0 84232 640.08 152.4
11259136 413246 3.69946e+06 30899.1 3.13269e-11 61.7333 0 84233 640.08 152.4
11259137 381301 3.71443e+06 10363.2 150.469 249.506 0 84233 640.08 152.4
11259138 427991 3.72115e+06 10972.8 45 254.65 0 84233 640.08 152.4
11259136 413310 3.69946e+06 30899.1 3.13269e-11 61.7333 0 84234 640.08 152.4
11259137 381086 3.71456e+06 10363.2 150.469 249.506 0 84234 640.08 152.4
11259138 428173 3.72133e+06 10972.8 45 254.65 0 84234 640.08 152.4
11259136 413437 3.69946e+06 30899.1 3.13269e-11 61.7333 0 84236 640.08 152.4
11259137 380656 3.71481e+06 10363.2 150.469 249.506 0 84236 640.08 152.4
11259138 428538 3.72168e+06 10972.8 45 254.65 0 84236 640.08 152.4
11259136 413501 3.69946e+06 30899.1 3.13269e-11 61.7333 0 84237 640.08 152.4
11259137 380441 3.71493e+06 10363.2 150.469 249.506 0 84237 640.08 152.4
11259138 428721 3.72186e+06 10972.8 45 254.65 0 84237 640.08 152.4
11259136 413565 3.69946e+06 30899.1 3.13269e-11 61.7333 0 84238 640.08 152.4
11259137 380225 3.71505e+06 10363.2 150.469 249.506 0 84238 640.08 152.4
11259138 428903 3.72203e+06 10972.8 45 254.65 0 84238 640.08 152.4
11259136 413629 3.69946e+06 30899.1 3.13269e-11 61.7333 0 84239 640.08 152.4
11259137 380010 3.71518e+06 10363.2 150.469 249.506 0 84239 640.08 152.4
11259138 429085 3.72221e+06 10972.8 45 254.65 0 84239 640.08 152.4
11259136 413693 3.69946e+06 30899.1 3.13269e-11 61.7333 0 84240 640.08 152.4
11259137 379796 3.7153e+06 10363.2 150.469 249.506 0 84240 640.08 152.4
11259138 429268 3.72239e+06 10972.8 45 254.65 0 84240 640.08 152.4
11259136 413757 3.69946e+06 30899.1 3.13269e-11 61.7333 0 84242 640.08 152.4
11259137 379580 3.71543e+06 10363.2 150.469 249.506 0 84242 640.08 152.4
11259138 429450 3.72257e+06 10972.8 45 254.65 0 84242 640.08 152.4
11259136 413820 3.69945e+06 30899.1 3.13269e-11 61.7333 0 84243 640.08 152.4
11259137 379365 3.71555e+06 10363.2 150.469 249.506 0 84243 640.08 152.4
11259138 429632 3.72274e+06 10972.8 45 254.65 0 84243 640.08 152.4
11259136 413884 3.69945e+06 30899.1 3.13269e-11 61.7333 0 84244 640.08 152.4
11259137 379149 3.71567e+06 10363.2 150.469 249.506 0 84244 640.08 152.4
11259138 429815 3.72292e+06 10972.8 45 254.65 0 84244 640.08 152.4
11259136 413948 3.69945e+06 30899.1 3.13269e-11 61.7333 0 84245 640.08 152.4
11259137 378934 3.7158e+06 10363.2 150.469 249.506 0 84245 640.08 152.4
11259138 429997 3.7231e+06 10972.8 45 254.65 0 84245 640.08 152.4
11259136 414012 3.69945e+06 30899.1 3.13269e-11 61.7333 0 84246 640.08 152.4
11259137 378720 3.71592e+06 10363.2 150.469 249.506 0 84246 640.08 152.4
11259138 430179 3.72327e+06 10972.8 45 254.65 0 84246 640.08 152.4
11259136 414076 3.69945e+06 30899.1 3.13269e-11 61.7333 0 84247 640.08 152.4
11259137 378504 3.71605e+06 10363.2 150.469 249.506 0 84247 640.08 152.4
11259138 430362 3.72345e+06 10972.8 45 254.65 0 84247 640.08 152.4
11259136 414140 3.69945e+06 30899.1 3.13269e-11 61.7333 0 84248 640.08 152.4
11259137 378289 3.71617e+06 10363.2 150.469 249.506 0 84248 640.08 152.4
11259138 430544 3.72363e+06 10972.8 45 254.65 0 84248 640.08 152.4
11259136 414203 3.69945e+06 30899.1 3.13269e-11 61.7333 0 84249 640.08 152.4
11259137 378073 3.71629e+06 10363.2 150.469 249.506 0 84249 640.08 152.4
11259138 430727 3.72381e+06 10972.8 45 254.65 0 84249 640.08 152.4
11259136 414267 3.69945e+06 30899.1 3.13269e-11 61.7333 0 84250 640.08 152.4
11259137 377858 3.71642e+06 10363.2 150.469 249.506 0 84250 640.08 152.4
11259138 430909 3.72398e+06 10972.8 45 254.65 0 84250 640.08 152.4
11259136 414331 3.69945e+06 30899.1 3.13269e-11 61.7333 0 84251 640.08 152.4
11259137 377645 3.71654e+06 10363.2 150.469 249.506 0 84251 640.08 152.4
11259138 431091 3.72416e+06 10972.8 45 254.65 0 84251 640.08 152.4
11259136 414395 3.69945e+06 30899.1 3.13269e-11 61.7333 0 84252 640.08 152.4
11259137 377429 3.71667e+06 10363.2 150.469 249.506 0 84252 640.08 152.4
11259138 431274 3.72434e+06 10972.8 45 254.65 0 84252 640.08 152.4
11259136 414459 3.69945e+06 30899.1 3.13269e-11 61.7333 0 84253 640.08 152.4
11259137 377214 3.71679e+06 10363.2 150.469 249.506 0 84253 640.08 152.4
11259138 431456 3.72451e+06 10972.8 45 254.65 0 84253 640.08 152.4
11259136 414523 3.69945e+06 30899.1 3.13269e-11 61.7333 0 84254 640.08 152.4
11259137 376998 3.71691e+06 10363.2 150.469 249.506 0 84254 640.08 152.4
11259138 431639 3.72469e+06 10972.8 45 254.65 0 84254 640.08 152.4
11259136 414586 3.69945e+06 30899.1 3.13269e-11 61.7333 0 84255 640.08 152.4
11259137 376783 3.71704e+06 10363.2 150.469 249.506 0 84255 640.08 152.4
11259138 431821 3.72487e+06 10972.8 45 254.65 0 84255 640.08 152.4
11259136 414650 3.69945e+06 30899.1 3.13269e-11 61.7333 0 84256 640.08 152.4
11259137 376569 3.71716e+06 10363.2 150.469 249.506 0 84256 640.08 152.4
11259138 432003 3.72505e+06 10972.8 45 254.65 0 84256 640.08 152.4
11259136 414714 3.69945e+06 30899.1 3.13269e-11 61.7333 0 84257 640.08 152.4
11259137 376353 3.71729e+06 10363.2 150.469 249.506 0 84257 640.08 152.4
11259138 432185 3.72522e+06 10972.8 45 254.65 0 84257 640.08 152.4
11259136 414778 3.69945e+06 30899.1 3.13269e-11 61.7333 0 84258 640.08 152.4
11259138 432367 3.7254e+06 10972.8 45 254.65 0 84258 640.08 152.4
11259136 414842 3.69945e+06 30899.1 3.13269e-11 61.7333 0 84259 640.08 152.4
11259137 375922 3.71754e+06 10363.2 150.469 249.506 0 84259 640.08 152.4
11259138 432550 3.72558e+06 10972.8 45 254.65 0 84259 640.08 152.4
11259136 414906 3.69945e+06 30899.1 3.13269e-11 61.7333 0 84260 640.08 152.4
11259137 375707 3.71766e+06 10363.2 150.469 249.506 0 84260 640.08 152.4
11259138 432732 3.72575e+06 10972.8 45 254.65 0 84260 640.08 152.4
11259136 414969 3.69944e+06 30899.1 3.13269e-11 61.7333 0 84261 640.08 152.4
11259137 375494 3.71778e+06 10363.2 150.469 249.506 0 84261 640.08 152.4
11259138 432914 3.72593e+06 10972.8 45 254.65 0 84261 640.08 152.4
11259136 415033 3.69944e+06 30899.1 3.13269e-11 61.7333 0 84262 640.08 152.4
11259137 375278 3.71791e+06 10363.2 150.469 249.506 0 84262 640.08 152.4
11259138 433096 3.72611e+06 10972.8 45 254.65 0 84262 640.08 152.4
11259136 415097 3.69944e+06 30899.1 3.13269e-11 61.7333 0 84263 640.08 152.4
11259137 375063 3.71803e+06 10363.2 150.469 249.506 0 84263 640.08 152.4
11259138 433279 3.72629e+06 10972.8 45 254.65 0 84263 640.08 152.4
11259136 415161 3.69944e+06 30899.1 3.13269e-11 61.7333 0 84264 640.08 152.4
11259137 374847 3.71816e+06 10363.2 150.469 249.506 0 84264 640.08 152.4
11259138 433461 3.72646e+06 10972.8 45 254.65 0 84264 640.08 152.4
11259136 415225 3.69944e+06 30899.1 3.13269e-11 61.7333 0 84265 640.08 152.4
11259137 374632 3.71828e+06 10363.2 150.469 249.506 0 84265 640.08 152.4
11259138 433643 3.72664e+06 10972.8 45 254.65 0 84265 640.08 152.4
11259136 415289 3.69944e+06 30899.1 3.13269e-11 61.7333 0 84266 640.08 152.4
11259137 374418 3.7184e+06 10363.2 150.469 249.506 0 84266 640.08 152.4
11259138 433826 3.72682e+06 10972.8 45 254.65 0 84266 640.08 152.4
11259136 415352 3.69944e+06 30899.1 3.13269e-11 61.7333 0 84267 640.08 152.4
11259137 374203 3.71853e+06 10363.2 150.469 249.506 0 84267 640.08 152.4
11259138 434008 3.72699e+06 10972.8 45 254.65 0 84267 640.08 152.4
11259136 415416 3.69944e+06 30899.1 3.13269e-11 61.7333 0 84268 640.08 152.4
11259137 373988 3.71865e+06 10363.2 150.469 249.506 0 84268 640.08 152.4
11259138 434190 3.72717e+06 10972.8 45 254.65 0 84268 640.08 152.4
11259136 415480 3.69944e+06 30899.1 3.13269e-11 61.7333 0 84269 640.08 152.4
11259137 373772 3.71878e+06 10363.2 150.469 249.506 0 84269 640.08 152.4
11259138 434372 3.72735e+06 10972.8 45 254.65 0 84269 640.08 152.4
11259136 415544 3.69944e+06 30899.1 3.13269e-11 61.7333 0 84270 640.08 152.4
11259137 373557 3.7189e+06 10363.2 150.469 249.506 0 84270 640.08 152.4
11259138 434555 3.72753e+06 10972.8 45 254.65 0 84270 640.08 152.4
11259136 415608 3.69944e+06 30899.1 3.13269e-11 61.7333 0 84271 640.08 152.4
11259137 373343 3.71903e+06 10363.2 150.469 249.506 0 84271 640.08 152.4
11259138 434737 3.7277e+06 10972.8 45 254.65 0 84271 640.08 152.4
11259136 415672 3.69944e+06 30899.1 3.13269e-11 61.7333 0 84272 640.08 152.4
11259137 373127 3.71915e+06 10363.2 150.469 249.506 0 84272 640.08 152.4
11259138 434919 3.72788e+06 10972.8 45 254.65 0 84272 640.08 152.4
11259136 415735 3.69944e+06 30899.1 3.13269e-11 61.7333 0 84273 640.08 152.4
11259137 372912 3.71927e+06 10363.2 150.469 249.506 0 84273 640.08 152.4
11259138 435101 3.72806e+06 10972.8 45 254.65 0 84273 640.08 152.4
11259136 415799 3.69944e+06 30899.1 3.13269e-11 61.7333 0 84274 640.08 152.4
11259137 372697 3.7194e+06 10363.2 150.469 249.506 0 84274 640.08 152.4
11259138 435283 3.72823e+06 10972.8 45 254.65 0 84274 640.08 152.4
11259136 415863 3.69944e+06 30899.1 3.13269e-11 61.7333 0 84275 640.08 152.4
11259137 372482 3.71952e+06 10363.2 150.469 249.506 0 84275 640.08 152.4
11259138 435465 3.72841e+06 10972.8 45 254.65 0 84275 640.08 152.4
11259136 415927 3.69944e+06 30899.1 3.13269e-11 61.7333 0 84276 640.08 152.4
11259137 372268 3.71965e+06 10363.2 150.469 249.506 0 84276 640.08 152.4
11259138 435647 3.72859e+06 10972.8 45 254.65 0 84276 640.08 152.4
11259136 415991 3.69944e+06 30899.1 3.13269e-11 61.7333 0 84277 640.08 152.4
11259137 372052 3.71977e+06 10363.2 150.469 249.506 0 84277 640.08 152.4
11259138 435830 3.72877e+06 10972.8 45 254.65 0 84277 640.08 152.4
11259136 416055 3.69944e+06 30899.1 3.13269e-11 61.7333 0 84278 640.08 152.4
11259137 371837 3.7199e+06 10363.2 150.469 249.506 0 84278 640.08 152.4
11259138 436012 3.72894e+06 10972.8 45 254.65 0 84278 640.08 152.4
11259136 416118 3.69943e+06 30899.1 3.13269e-11 61.7333 0 84279 640.08 152.4
11259137 371622 3.72002e+06 10363.2 150.469 249.506 0 84279 640.08 152.4
11259138 436194 3.72912e+06 10972.8 45 254.65 0 84279 640.08 152.4
11259136 416182 3.69943e+06 30899.1 3.13269e-11 61.7333 0 84280 640.08 152.4
11259137 371407 3.72014e+06 10363.2 150.469 249.506 0 84280 640.08 152.4
11259138 436376 3.7293e+06 10972.8 45 254.65 0 84280 640.08 152.4
11259136 416246 3.69943e+06 30899.1 3.13269e-11 61.7333 0 84281 640.08 152.4
11259137 371193 3.72027e+06 10363.2 150.469 249.506 0 84281 640.08 152.4
11259138 436558 3.72948e+06 10972.8 45 254.65 0 84281 640.08 152.4
11259136 416310 3.69943e+06 30899.1 3.13269e-11 61.7333 0 84282 640.08 152.4
11259137 370978 3.72039e+06 10363.2 150.469 249.506 0 84282 640.08 152.4
11259138 436741 3.72965e+06 10972.8 45 254.65 0 84282 640.08 152.4
11259136 416374 3.69943e+06 30899.1 3.13269e-11 61.7333 0 84283 640.08 152.4
11259137 370763 3.72052e+06 10363.2 150.469 249.506 0 84283 640.08 152.4
11259138 436923 3.72983e+06 10972.8 45 254.65 0 84283 640.08 152.4
11259136 416438 3.69943e+06 30899.1 3.13269e-11 61.7333 0 84284 640.08 152.4
11259137 370547 3.72064e+06 10363.2 150.469 249.506 0 84284 640.08 152.4
11259138 437105 3.73001e+06 10972.8 45 254.65 0 84284 640.08 152.4
11259136 416501 3.69943e+06 30899.1 3.13269e-11 61.7333 0 84285 640.08 152.4
11259137 370332 3.72076e+06 10363.2 150.469 249.506 0 84285 640.08 152.4
11259138 437287 3.73018e+06 10972.8 45 254.65 0 84285 640.08 152.4
11259136 416565 3.69943e+06 30899.1 3.13269e-11 61.7333 0 84286 640.08 152.4
11259137 370119 3.72089e+06 10363.2 150.469 249.506 0 84286 640.08 152.4
11259138 437469 3.73036e+06 10972.8 45 254.65 0 84286 640.08 152.4
11259136 416629 3.69943e+06 30899.1 3.13269e-11 61.7333 0 84287 640.08 152.4
11259137 369903 3.72101e+06 10363.2 150.469 249.506 0 84287 640.08 152.4
11259138 437651 3.73054e+06 10972.8 45 254.65 0 84287 640.08 152.4
11259136 416693 3.69943e+06 30899.1 3.13269e-11 61.7333 0 84288 640.08 152.4
11259137 369688 3.72114e+06 10363.2 150.469 249.506 0 84288 640.08 152.4
11259138 437833 3.73072e+06 10972.8 45 254.65 0 84288 640.08 152.4
11259136 416757 3.69943e+06 30899.1 3.13269e-11 61.7333 0 84289 640.08 152.4
11259137 369472 3.72126e+06 10363.2 150.469 249.506 0 84289 640.08 152.4
11259138 438015 3.73089e+06 10972.8 45 254.65 0 84289 640.08 152.4
11259136 416821 3.69943e+06 30899.1 3.13269e-11 61.7333 0 84290 640.08 152.4
11259137 369257 3.72139e+06 10363.2 150.469 249.506 0 84290 640.08 152.4
11259138 438197 3.73107e+06 10972.8 45 254.65 0 84290 640.08 152.4
11259136 416884 3.69943e+06 30899.1 3.13269e-11 61.7333 0 84291 640.08 152.4
11259137 369044 3.72151e+06 10363.2 150.469 249.506 0 84291 640.08 152.4
11259138 438379 3.73125e+06 10972.8 45 254.65 0 84291 640.08 152.4
11259136 416948 3.69943e+06 30899.1 3.13269e-11 61.7333 0 84292 640.08 152.4
11259137 368828 3.72163e+06 10363.2 150.469 249.506 0 84292 640.08 152.4
11259138 438561 3.73143e+06 10972.8 45 254.65 0 84292 640.08 152.4
11259136 417012 3.69943e+06 30899.1 3.13269e-11 61.7333 0 84293 640.08 152.4
11259137 368613 3.72176e+06 10363.2 150.469 249.506 0 84293 640.08 152.4
11259138 438743 3.7316e+06 10972.8 45 254.65 0 84293 640.08 152.4
11259136 417076 3.69943e+06 30899.1 3.13269e-11 61.7333 0 84294 640.08 152.4
11259137 368398 3.72188e+06 10363.2 150.469 249.506 0 84294 640.08 152.4
11259138 438925 3.73178e+06 10972.8 45 254.65 0 84294 640.08 152.4
