11259136 433736 3.6993e+06 30899.1 3.13269e-11 61.7333 0 16386 640.08 152.4
11259137 312412 3.7545e+06 10363.2 150.469 249.506 0 16386 640.08 152.4
11259138 486376 3.77817e+06 10972.8 45 254.65 0 16386 640.08 152.4
11259136 433800 3.6993e+06 30899.1 3.13269e-11 61.7333 0 16387 640.08 152.4
11259137 312198 3.75463e+06 10363.2 150.469 249.506 0 16387 640.08 152.4
11259138 486556 3.77834e+06 10972.8 45 254.65 0 16387 640.08 152.4
11259136 433864 3.6993e+06 30899.1 3.13269e-11 61.7333 0 16388 640.08 152.4
11259137 311984 3.75475e+06 10363.2 150.469 249.506 0 16388 640.08 152.4
11259138 486736 3.77852e+06 10972.8 45 254.65 0 16388 640.08 152.4
11259136 433928 3.6993e+06 30899.1 3.13269e-11 61.7333 0 16389 640.08 152.4
11259137 311770 3.75488e+06 10363.2 150.469 249.506 0 16389 640.08 152.4
11259138 486919 3.7787e+06 10972.8 45 254.65 0 16389 640.08 152.4
11259136 433991 3.6993e+06 30899.1 3.13269e-11 61.7333 0 16390 640.08 152.4
11259137 311556 3.75501e+06 10363.2 150.469 249.506 0 16390 640.08 152.4
11259138 487101 3.77888e+06 10972.8 45 254.65 0 16390 640.08 152.4
11259136 434055 3.6993e+06 30899.1 3.13269e-11 61.7333 0 16391 640.08 152.4
11259137 311343 3.75513e+06 10363.2 150.469 249.506 0 16391 640.08 152.4
11259138 487283 3.77906e+06 10972.8 45 254.65 0 16391 640.08 152.4
11259136 434119 3.6993e+06 30899.1 3.13269e-11 61.7333 0 16392 640.08 152.4
11259137 311129 3.75526e+06 10363.2 150.469 249.506 0 16392 640.08 152.4
11259138 487463 3.77924e+06 10972.8 45 254.65 0 16392 640.08 152.4
11259136 434183 3.69929e+06 30899.1 3.13269e-11 61.7333 0 16393 640.08 152.4
11259137 310915 3.75538e+06 10363.2 150.469 249.506 0 16393 640.08 152.4
11259138 487644 3.77941e+06 10972.8 45 254.65 0 16393 640.08 152.4
11259136 434247 3.69929e+06 30899.1 3.13269e-11 61.7333 0 16394 640.08 152.4
11259137 310701 3.75551e+06 10363.2 150.469 249.506 0 16394 640.08 152.4
11259138 487824 3.77959e+06 10972.8 45 254.65 0 16394 640.08 152.4
11259136 434311 3.69929e+06 30899.1 3.13269e-11 61.7333 0 16395 640.08 152.4
11259137 310488 3.75563e+06 10363.2 150.469 249.506 0 16395 640.08 152.4
11259138 488004 3.77977e+06 10972.8 45 254.65 0 16395 640.08 152.4
11259136 434374 3.69929e+06 30899.1 3.13269e-11 61.7333 0 16396 640.08 152.4
11259137 310273 3.75576e+06 10363.2 150.469 249.506 0 16396 640.08 152.4
11259138 488186 3.77995e+06 10972.8 45 254.65 0 16396 640.08 152.4
11259136 434438 3.69929e+06 30899.1 3.13269e-11 61.7333 0 16397 640.08 152.4
11259137 310059 3.75589e+06 10363.2 150.469 249.506 0 16397 640.08 152.4
11259138 488369 3.78013e+06 10972.8 45 254.65 0 16397 640.08 152.4
11259136 434502 3.69929e+06 30899.1 3.13269e-11 61.7333 0 16398 640.08 152.4
11259137 309846 3.75601e+06 10363.2 150.469 249.506 0 16398 640.08 152.4
11259138 488550 3.78031e+06 10972.8 45 254.65 0 16398 640.08 152.4
11259136 434566 3.69929e+06 30899.1 3.13269e-11 61.7333 0 16399 640.08 152.4
11259138 488733 3.78048e+06 10972.8 45 254.65 0 16399 640.08 152.4
