11259136 435906 3.69928e+06 30899.1 3.13269e-11 61.7333 0 16648 640.08 152.4
11259137 305143 3.75878e+06 10363.2 150.469 249.506 0 16648 640.08 152.4
11259138 492557 3.78423e+06 10972.8 45 254.65 0 16648 640.08 152.4
11259136 435970 3.69928e+06 30899.1 3.13269e-11 61.7333 0 16649 640.08 152.4
11259137 304930 3.7589e+06 10363.2 150.469 249.506 0 16649 640.08 152.4
11259138 492739 3.78441e+06 10972.8 45 254.65 0 16649 640.08 152.4
11259136 436034 3.69928e+06 30899.1 3.13269e-11 61.7333 0 16650 640.08 152.4
11259137 304716 3.75903e+06 10363.2 150.469 249.506 0 16650 640.08 152.4
11259138 492921 3.78458e+06 10972.8 45 254.65 0 16650 640.08 152.4
11259136 436098 3.69928e+06 30899.1 3.13269e-11 61.7333 0 16651 640.08 152.4
11259137 304503 3.75916e+06 10363.2 150.469 249.506 0 16651 640.08 152.4
11259138 493103 3.78476e+06 10972.8 45 254.65 0 16651 640.08 152.4
11259136 436162 3.69928e+06 30899.1 3.13269e-11 61.7333 0 16652 640.08 152.4
11259137 304289 3.75928e+06 10363.2 150.469 249.506 0 16652 640.08 152.4
11259138 493285 3.78494e+06 10972.8 45 254.65 0 16652 640.08 152.4
11259136 436226 3.69928e+06 30899.1 3.13269e-11 61.7333 0 16653 640.08 152.4
11259137 304076 3.75941e+06 10363.2 150.469 249.506 0 16653 640.08 152.4
11259138 493466 3.78512e+06 10972.8 45 254.65 0 16653 640.08 152.4
11259138 493649 3.7853e+06 10972.8 45 254.65 0 16654 640.08 152.4
11259136 436353 3.69928e+06 30899.1 3.13269e-11 61.7333 0 16655 640.08 152.4
11259137 303648 3.75966e+06 10363.2 150.469 249.506 0 16655 640.08 152.4
11259138 493831 3.78547e+06 10972.8 45 254.65 0 16655 640.08 152.4
11259137 303435 3.75978e+06 10363.2 150.469 249.506 0 16656 640.08 152.4
11259138 494013 3.78565e+06 10972.8 45 254.65 0 16656 640.08 152.4
11259136 436481 3.69928e+06 30899.1 3.13269e-11 61.7333 0 16657 640.08 152.4
11259137 303221 3.75991e+06 10363.2 150.469 249.506 0 16657 640.08 152.4
11259138 494195 3.78583e+06 10972.8 45 254.65 0 16657 640.08 152.4
11259136 436545 3.69928e+06 30899.1 3.13269e-11 61.7333 0 16658 640.08 152.4
11259137 303005 3.76004e+06 10363.2 150.469 249.506 0 16658 640.08 152.4
11259138 494376 3.78601e+06 10972.8 45 254.65 0 16658 640.08 152.4
11259136 436609 3.69928e+06 30899.1 3.13269e-11 61.7333 0 16659 640.08 152.4
11259137 302791 3.76016e+06 10363.2 150.469 249.506 0 16659 640.08 152.4
11259138 494559 3.78619e+06 10972.8 45 254.65 0 16659 640.08 152.4
11259136 436672 3.69928e+06 30899.1 3.13269e-11 61.7333 0 16660 640.08 152.4
11259137 302576 3.76029e+06 10363.2 150.469 249.506 0 16660 640.08 152.4
11259138 494741 3.78637e+06 10972.8 45 254.65 0 16660 640.08 152.4
11259136 436736 3.69928e+06 30899.1 3.13269e-11 61.7333 0 16661 640.08 152.4
11259137 302362 3.76041e+06 10363.2 150.469 249.506 0 16661 640.08 152.4
11259138 494922 3.78654e+06 10972.8 45 254.65 0 16661 640.08 152.4
11259136 436800 3.69928e+06 30899.1 3.13269e-11 61.7333 0 16662 640.08 152.4
11259137 302147 3.76054e+06 10363.2 150.469 249.506 0 16662 640.08 152.4
11259138 495104 3.78672e+06 10972.8 45 254.65 0 16662 640.08 152.4
11259136 436864 3.69928e+06 30899.1 3.13269e-11 61.7333 0 16663 640.08 152.4
11259137 301934 3.76067e+06 10363.2 150.469 249.506 0 16663 640.08 152.4
11259138 495286 3.7869e+06 10972.8 45 254.65 0 16663 640.08 152.4
11259136 436928 3.69928e+06 30899.1 3.13269e-11 61.7333 0 16664 640.08 152.4
11259137 301720 3.76079e+06 10363.2 150.469 249.506 0 16664 640.08 152.4
11259138 495468 3.78708e+06 10972.8 45 254.65 0 16664 640.08 152.4
11259136 436992 3.69928e+06 30899.1 3.13269e-11 61.7333 0 16665 640.08 152.4
11259137 301506 3.76092e+06 10363.2 150.469 249.506 0 16665 640.08 152.4
11259138 495650 3.78726e+06 10972.8 45 254.65 0 16665 640.08 152.4
11259136 437055 3.69928e+06 30899.1 3.13269e-11 61.7333 0 16666 640.08 152.4
11259137 301290 3.76104e+06 10363.2 150.469 249.506 0 16666 640.08 152.4
11259138 495832 3.78744e+06 10972.8 45 254.65 0 16666 640.08 152.4
