11259136 405905 3.69953e+06 30899.1 3.13269e-11 61.7333 0 19149 640.08 152.4
11259137 406095 3.7002e+06 10363.2 150.469 249.506 0 19149 640.08 152.4
11259138 406964 3.70081e+06 10972.8 45 254.65 0 19149 640.08 152.4
11259136 405969 3.69953e+06 30899.1 3.13269e-11 61.7333 0 19150 640.08 152.4
11259137 405879 3.70033e+06 10363.2 150.469 249.506 0 19150 640.08 152.4
11259138 407148 3.70098e+06 10972.8 45 254.65 0 19150 640.08 152.4
11259136 406033 3.69953e+06 30899.1 3.13269e-11 61.7333 0 19151 640.08 152.4
11259137 405662 3.70045e+06 10363.2 150.469 249.506 0 19151 640.08 152.4
11259138 407331 3.70116e+06 10972.8 45 254.65 0 19151 640.08 152.4
11259136 406097 3.69953e+06 30899.1 3.13269e-11 61.7333 0 19152 640.08 152.4
11259137 405446 3.70057e+06 10363.2 150.469 249.506 0 19152 640.08 152.4
11259138 407514 3.70134e+06 10972.8 45 254.65 0 19152 640.08 152.4
11259136 406160 3.69953e+06 30899.1 3.13269e-11 61.7333 0 19153 640.08 152.4
11259137 405230 3.7007e+06 10363.2 150.469 249.506 0 19153 640.08 152.4
11259138 407697 3.70151e+06 10972.8 45 254.65 0 19153 640.08 152.4
11259136 406224 3.69953e+06 30899.1 3.13269e-11 61.7333 0 19154 640.08 152.4
11259137 405013 3.70082e+06 10363.2 150.469 249.506 0 19154 640.08 152.4
11259138 407881 3.70169e+06 10972.8 45 254.65 0 19154 640.08 152.4
11259136 406288 3.69952e+06 30899.1 3.13269e-11 61.7333 0 19155 640.08 152.4
11259137 404798 3.70095e+06 10363.2 150.469 249.506 0 19155 640.08 152.4
11259138 408064 3.70187e+06 10972.8 45 254.65 0 19155 640.08 152.4
11259136 406352 3.69952e+06 30899.1 3.13269e-11 61.7333 0 19156 640.08 152.4
11259137 404581 3.70107e+06 10363.2 150.469 249.506 0 19156 640.08 152.4
11259138 408247 3.70204e+06 10972.8 45 254.65 0 19156 640.08 152.4
11259136 406416 3.69952e+06 30899.1 3.13269e-11 61.7333 0 19157 640.08 152.4
11259137 404365 3.70119e+06 10363.2 150.469 249.506 0 19157 640.08 152.4
11259138 408430 3.70222e+06 10972.8 45 254.65 0 19157 640.08 152.4
11259136 406480 3.69952e+06 30899.1 3.13269e-11 61.7333 0 19158 640.08 152.4
11259137 404149 3.70132e+06 10363.2 150.469 249.506 0 19158 640.08 152.4
11259138 408613 3.7024e+06 10972.8 45 254.65 0 19158 640.08 152.4
11259136 406543 3.69952e+06 30899.1 3.13269e-11 61.7333 0 19159 640.08 152.4
11259137 403933 3.70144e+06 10363.2 150.469 249.506 0 19159 640.08 152.4
11259138 408796 3.70257e+06 10972.8 45 254.65 0 19159 640.08 152.4
11259136 406607 3.69952e+06 30899.1 3.13269e-11 61.7333 0 19160 640.08 152.4
11259137 403716 3.70156e+06 10363.2 150.469 249.506 0 19160 640.08 152.4
11259138 408979 3.70275e+06 10972.8 45 254.65 0 19160 640.08 152.4
11259136 406671 3.69952e+06 30899.1 3.13269e-11 61.7333 0 19161 640.08 152.4
11259137 403501 3.70169e+06 10363.2 150.469 249.506 0 19161 640.08 152.4
11259138 409162 3.70293e+06 10972.8 45 254.65 0 19161 640.08 152.4
11259136 406735 3.69952e+06 30899.1 3.13269e-11 61.7333 0 19162 640.08 152.4
11259137 403284 3.70181e+06 10363.2 150.469 249.506 0 19162 640.08 152.4
11259138 409345 3.7031e+06 10972.8 45 254.65 0 19162 640.08 152.4
11259136 406799 3.69952e+06 30899.1 3.13269e-11 61.7333 0 19163 640.08 152.4
11259137 403068 3.70193e+06 10363.2 150.469 249.506 0 19163 640.08 152.4
11259138 409529 3.70328e+06 10972.8 45 254.65 0 19163 640.08 152.4
11259136 406863 3.69952e+06 30899.1 3.13269e-11 61.7333 0 19164 640.08 152.4
11259137 402852 3.70206e+06 10363.2 150.469 249.506 0 19164 640.08 152.4
11259138 409712 3.70346e+06 10972.8 45 254.65 0 19164 640.08 152.4
11259136 406926 3.69952e+06 30899.1 3.13269e-11 61.7333 0 19166 640.08 152.4
11259137 402635 3.70218e+06 10363.2 150.469 249.506 0 19166 640.08 152.4
11259138 409895 3.70364e+06 10972.8 45 254.65 0 19166 640.08 152.4
11259136 406990 3.69952e+06 30899.1 3.13269e-11 61.7333 0 19167 640.08 152.4
11259137 402420 3.7023e+06 10363.2 150.469 249.506 0 19167 640.08 152.4
11259138 410078 3.70381e+06 10972.8 45 254.65 0 19167 640.08 152.4
11259136 407054 3.69952e+06 30899.1 3.13269e-11 61.7333 0 19168 640.08 152.4
11259137 402203 3.70243e+06 10363.2 150.469 249.506 0 19168 640.08 152.4
11259138 410261 3.70399e+06 10972.8 45 254.65 0 19168 640.08 152.4
11259136 407118 3.69952e+06 30899.1 3.13269e-11 61.7333 0 19169 640.08 152.4
11259137 401988 3.70255e+06 10363.2 150.469 249.506 0 19169 640.08 152.4
11259138 410444 3.70417e+06 10972.8 45 254.65 0 19169 640.08 152.4
11259136 407182 3.69952e+06 30899.1 3.13269e-11 61.7333 0 19170 640.08 152.4
11259137 401771 3.70267e+06 10363.2 150.469 249.506 0 19170 640.08 152.4
11259138 410628 3.70434e+06 10972.8 45 254.65 0 19170 640.08 152.4
11259136 407246 3.69952e+06 30899.1 3.13269e-11 61.7333 0 19171 640.08 152.4
11259137 401555 3.7028e+06 10363.2 150.469 249.506 0 19171 640.08 152.4
11259138 410811 3.70452e+06 10972.8 45 254.65 0 19171 640.08 152.4
11259136 407309 3.69951e+06 30899.1 3.13269e-11 61.7333 0 19172 640.08 152.4
11259137 401341 3.70292e+06 10363.2 150.469 249.506 0 19172 640.08 152.4
11259136 407373 3.69951e+06 30899.1 3.13269e-11 61.7333 0 19173 640.08 152.4
11259137 401125 3.70305e+06 10363.2 150.469 249.506 0 19173 640.08 152.4
11259138 411177 3.70487e+06 10972.8 45 254.65 0 19173 640.08 152.4
11259136 407437 3.69951e+06 30899.1 3.13269e-11 61.7333 0 19174 640.08 152.4
11259137 400909 3.70317e+06 10363.2 150.469 249.506 0 19174 640.08 152.4
11259138 411360 3.70505e+06 10972.8 45 254.65 0 19174 640.08 152.4
11259136 407501 3.69951e+06 30899.1 3.13269e-11 61.7333 0 19175 640.08 152.4
11259137 400692 3.70329e+06 10363.2 150.469 249.506 0 19175 640.08 152.4
11259138 411543 3.70523e+06 10972.8 45 254.65 0 19175 640.08 152.4
11259136 407565 3.69951e+06 30899.1 3.13269e-11 61.7333 0 19176 640.08 152.4
11259137 400477 3.70342e+06 10363.2 150.469 249.506 0 19176 640.08 152.4
11259138 411726 3.7054e+06 10972.8 45 254.65 0 19176 640.08 152.4
11259136 407629 3.69951e+06 30899.1 3.13269e-11 61.7333 0 19177 640.08 152.4
11259137 400263 3.70354e+06 10363.2 150.469 249.506 0 19177 640.08 152.4
11259138 411909 3.70558e+06 10972.8 45 254.65 0 19177 640.08 152.4
11259136 407692 3.69951e+06 30899.1 3.13269e-11 61.7333 0 19178 640.08 152.4
11259137 400046 3.70366e+06 10363.2 150.469 249.506 0 19178 640.08 152.4
11259138 412092 3.70576e+06 10972.8 45 254.65 0 19178 640.08 152.4
11259136 407756 3.69951e+06 30899.1 3.13269e-11 61.7333 0 19179 640.08 152.4
11259137 399830 3.70379e+06 10363.2 150.469 249.506 0 19179 640.08 152.4
11259138 412275 3.70593e+06 10972.8 45 254.65 0 19179 640.08 152.4
11259136 407820 3.69951e+06 30899.1 3.13269e-11 61.7333 0 19180 640.08 152.4
11259137 399614 3.70391e+06 10363.2 150.469 249.506 0 19180 640.08 152.4
11259138 412458 3.70611e+06 10972.8 45 254.65 0 19180 640.08 152.4
11259136 407884 3.69951e+06 30899.1 3.13269e-11 61.7333 0 19181 640.08 152.4
11259137 399398 3.70403e+06 10363.2 150.469 249.506 0 19181 640.08 152.4
11259138 412641 3.70629e+06 10972.8 45 254.65 0 19181 640.08 152.4
11259136 407948 3.69951e+06 30899.1 3.13269e-11 61.7333 0 19182 640.08 152.4
11259137 399184 3.70416e+06 10363.2 150.469 249.506 0 19182 640.08 152.4
11259138 412824 3.70646e+06 10972.8 45 254.65 0 19182 640.08 152.4
11259136 408012 3.69951e+06 30899.1 3.13269e-11 61.7333 0 19183 640.08 152.4
11259137 398968 3.70428e+06 10363.2 150.469 249.506 0 19183 640.08 152.4
11259138 413007 3.70664e+06 10972.8 45 254.65 0 19183 640.08 152.4
11259136 408075 3.69951e+06 30899.1 3.13269e-11 61.7333 0 19184 640.08 152.4
11259137 398752 3.7044e+06 10363.2 150.469 249.506 0 19184 640.08 152.4
11259138 413190 3.70682e+06 10972.8 45 254.65 0 19184 640.08 152.4
11259136 408139 3.69951e+06 30899.1 3.13269e-11 61.7333 0 19185 640.08 152.4
11259137 398536 3.70453e+06 10363.2 150.469 249.506 0 19185 640.08 152.4
11259138 413373 3.70699e+06 10972.8 45 254.65 0 19185 640.08 152.4
11259136 408203 3.69951e+06 30899.1 3.13269e-11 61.7333 0 19186 640.08 152.4
11259137 398320 3.70465e+06 10363.2 150.469 249.506 0 19186 640.08 152.4
11259138 413556 3.70717e+06 10972.8 45 254.65 0 19186 640.08 152.4
11259136 408267 3.69951e+06 30899.1 3.13269e-11 61.7333 0 19187 640.08 152.4
11259137 398106 3.70478e+06 10363.2 150.469 249.506 0 19187 640.08 152.4
11259138 413739 3.70735e+06 10972.8 45 254.65 0 19187 640.08 152.4
11259136 408331 3.69951e+06 30899.1 3.13269e-11 61.7333 0 19188 640.08 152.4
11259137 397889 3.7049e+06 10363.2 150.469 249.506 0 19188 640.08 152.4
11259138 413922 3.70752e+06 10972.8 45 254.65 0 19188 640.08 152.4
11259137 397674 3.70502e+06 10363.2 150.469 249.506 0 19189 640.08 152.4
11259138 414105 3.7077e+06 10972.8 45 254.65 0 19189 640.08 152.4
11259136 408458 3.6995e+06 30899.1 3.13269e-11 61.7333 0 19190 640.08 152.4
11259137 397458 3.70515e+06 10363.2 150.469 249.506 0 19190 640.08 152.4
11259138 414288 3.70788e+06 10972.8 45 254.65 0 19190 640.08 152.4
