11259136 426204 3.69935e+06 30899.1 3.13269e-11 61.7333 0 14903 640.08 152.4
11259137 337685 3.73971e+06 10363.2 150.469 249.506 0 14903 640.08 152.4
11259138 464955 3.75717e+06 10972.8 45 254.65 0 14903 640.08 152.4
11259136 426268 3.69935e+06 30899.1 3.13269e-11 61.7333 0 14904 640.08 152.4
11259138 465136 3.75734e+06 10972.8 45 254.65 0 14904 640.08 152.4
11259136 426332 3.69935e+06 30899.1 3.13269e-11 61.7333 0 14905 640.08 152.4
11259137 337257 3.73996e+06 10363.2 150.469 249.506 0 14905 640.08 152.4
11259138 465319 3.75752e+06 10972.8 45 254.65 0 14905 640.08 152.4
11259136 426395 3.69935e+06 30899.1 3.13269e-11 61.7333 0 14906 640.08 152.4
11259137 337042 3.74009e+06 10363.2 150.469 249.506 0 14906 640.08 152.4
11259138 465502 3.7577e+06 10972.8 45 254.65 0 14906 640.08 152.4
11259136 426459 3.69935e+06 30899.1 3.13269e-11 61.7333 0 14907 640.08 152.4
11259137 336828 3.74021e+06 10363.2 150.469 249.506 0 14907 640.08 152.4
11259138 465685 3.75788e+06 10972.8 45 254.65 0 14907 640.08 152.4
11259136 426523 3.69935e+06 30899.1 3.13269e-11 61.7333 0 14908 640.08 152.4
11259137 336613 3.74034e+06 10363.2 150.469 249.506 0 14908 640.08 152.4
11259138 465866 3.75805e+06 10972.8 45 254.65 0 14908 640.08 152.4
11259136 426587 3.69935e+06 30899.1 3.13269e-11 61.7333 0 14909 640.08 152.4
11259137 336399 3.74046e+06 10363.2 150.469 249.506 0 14909 640.08 152.4
11259138 466047 3.75823e+06 10972.8 45 254.65 0 14909 640.08 152.4
11259136 426651 3.69935e+06 30899.1 3.13269e-11 61.7333 0 14910 640.08 152.4
11259137 336184 3.74059e+06 10363.2 150.469 249.506 0 14910 640.08 152.4
11259138 466228 3.75841e+06 10972.8 45 254.65 0 14910 640.08 152.4
11259136 426715 3.69935e+06 30899.1 3.13269e-11 61.7333 0 14911 640.08 152.4
11259137 335969 3.74071e+06 10363.2 150.469 249.506 0 14911 640.08 152.4
11259138 466409 3.75859e+06 10972.8 45 254.65 0 14911 640.08 152.4
11259136 426778 3.69935e+06 30899.1 3.13269e-11 61.7333 0 14912 640.08 152.4
11259137 335755 3.74084e+06 10363.2 150.469 249.506 0 14912 640.08 152.4
11259138 466592 3.75877e+06 10972.8 45 254.65 0 14912 640.08 152.4
11259136 426842 3.69935e+06 30899.1 3.13269e-11 61.7333 0 14913 640.08 152.4
11259137 335540 3.74096e+06 10363.2 150.469 249.506 0 14913 640.08 152.4
11259138 466776 3.75894e+06 10972.8 45 254.65 0 14913 640.08 152.4
11259136 426906 3.69935e+06 30899.1 3.13269e-11 61.7333 0 14914 640.08 152.4
11259137 335326 3.74109e+06 10363.2 150.469 249.506 0 14914 640.08 152.4
11259138 466958 3.75912e+06 10972.8 45 254.65 0 14914 640.08 152.4
11259136 426970 3.69935e+06 30899.1 3.13269e-11 61.7333 0 14915 640.08 152.4
11259137 335112 3.74121e+06 10363.2 150.469 249.506 0 14915 640.08 152.4
11259138 467139 3.7593e+06 10972.8 45 254.65 0 14915 640.08 152.4
11259136 427034 3.69935e+06 30899.1 3.13269e-11 61.7333 0 14916 640.08 152.4
11259137 334898 3.74134e+06 10363.2 150.469 249.506 0 14916 640.08 152.4
11259138 467320 3.75948e+06 10972.8 45 254.65 0 14916 640.08 152.4
11259136 427098 3.69935e+06 30899.1 3.13269e-11 61.7333 0 14917 640.08 152.4
11259137 334683 3.74146e+06 10363.2 150.469 249.506 0 14917 640.08 152.4
11259138 467501 3.75965e+06 10972.8 45 254.65 0 14917 640.08 152.4
11259136 427161 3.69934e+06 30899.1 3.13269e-11 61.7333 0 14918 640.08 152.4
11259137 334468 3.74159e+06 10363.2 150.469 249.506 0 14918 640.08 152.4
11259138 467682 3.75983e+06 10972.8 45 254.65 0 14918 640.08 152.4
11259136 427225 3.69934e+06 30899.1 3.13269e-11 61.7333 0 14919 640.08 152.4
11259137 334254 3.74171e+06 10363.2 150.469 249.506 0 14919 640.08 152.4
11259138 467865 3.76001e+06 10972.8 45 254.65 0 14919 640.08 152.4
