0 413690 3.69803e+06 30899.1 -0.008139 1.02889 -665.846 26628 640.08 152.4
0 413691 3.69803e+06 30899.1 -0.008139 1.02889 -665.846 26629 640.08 152.4
0 413693 3.69803e+06 30899.1 -0.008139 1.02889 -665.846 26630 640.08 152.4
0 413693 3.69803e+06 30899.1 -0.008139 1.02889 -665.846 26631 640.08 152.4
0 413696 3.69803e+06 30899.1 -0.008139 1.02889 -665.846 26632 640.08 152.4
0 413696 3.69803e+06 30899.1 -0.008139 1.02889 -665.846 26633 640.08 152.4
0 413698 3.69803e+06 30899.1 -0.008139 1.02889 -665.846 26634 640.08 152.4
0 413698 3.69803e+06 30899.1 -0.008139 1.02889 -665.846 26635 640.08 152.4
0 413698 3.69803e+06 30899.1 3.13269e-11 1.02889 -665.846 26636 640.08 152.4
0 413698 3.69803e+06 30899.1 3.13269e-11 1.02889 -665.846 26637 640.08 152.4
0 413698 3.69803e+06 30899.1 3.13269e-11 1.02889 -665.846 26638 640.08 152.4
0 413698 3.69803e+06 30899.1 3.13269e-11 1.02889 -665.846 26639 640.08 152.4
0 413698 3.69803e+06 30899.1 -0.008139 1.02889 -665.846 26640 640.08 152.4
0 413698 3.69803e+06 30899.1 -0.008139 1.02889 -665.846 26641 640.08 152.4
0 413700 3.69803e+06 30899.1 -0.008139 1.02889 -665.846 26642 640.08 152.4
0 413698 3.69803e+06 30899.1 -0.0137078 0.514444 -665.846 26643 640.08 152.4
0 413693 3.69803e+06 30899.1 -0.0137078 0.514444 -665.846 26644 640.08 152.4
0 413698 3.69802e+06 30899.1 -0.0137078 0.514444 -665.846 26645 640.08 152.4
0 413702 3.69801e+06 30899.1 -0.0137078 0.514444 -665.846 26646 640.08 152.4
0 413702 3.69801e+06 30899.1 -0.0137078 0.514444 -665.846 26647 640.08 152.4
