11259136 405905 3.69953e+06 30899.1 3.13269e-11 61.7333 0 22328 640.08 152.4
11259137 406095 3.7002e+06 10363.2 150.469 249.506 0 22328 640.08 152.4
11259138 406964 3.70081e+06 10972.8 45 254.65 0 22328 640.08 152.4
11259136 405969 3.69953e+06 30899.1 3.13269e-11 61.7333 0 22329 640.08 152.4
11259137 405879 3.70033e+06 10363.2 150.469 249.506 0 22329 640.08 152.4
11259138 407148 3.70098e+06 10972.8 45 254.65 0 22329 640.08 152.4
11259137 405662 3.70045e+06 10363.2 150.469 249.506 0 22330 640.08 152.4
11259138 407331 3.70116e+06 10972.8 45 254.65 0 22330 640.08 152.4
11259136 406097 3.69953e+06 30899.1 3.13269e-11 61.7333 0 22331 640.08 152.4
11259137 405446 3.70057e+06 10363.2 150.469 249.506 0 22331 640.08 152.4
11259138 407514 3.70134e+06 10972.8 45 254.65 0 22331 640.08 152.4
11259136 406160 3.69953e+06 30899.1 3.13269e-11 61.7333 0 22342 640.08 152.4
11259137 405230 3.7007e+06 10363.2 150.469 249.506 0 22342 640.08 152.4
11259138 407697 3.70151e+06 10972.8 45 254.65 0 22342 640.08 152.4
11259136 406224 3.69953e+06 30899.1 3.13269e-11 61.7333 0 22343 640.08 152.4
11259137 405013 3.70082e+06 10363.2 150.469 249.506 0 22343 640.08 152.4
11259138 407881 3.70169e+06 10972.8 45 254.65 0 22343 640.08 152.4
11259136 406288 3.69952e+06 30899.1 3.13269e-11 61.7333 0 22344 640.08 152.4
11259137 404798 3.70095e+06 10363.2 150.469 249.506 0 22344 640.08 152.4
11259138 408064 3.70187e+06 10972.8 45 254.65 0 22344 640.08 152.4
11259136 406352 3.69952e+06 30899.1 3.13269e-11 61.7333 0 22345 640.08 152.4
11259137 404581 3.70107e+06 10363.2 150.469 249.506 0 22345 640.08 152.4
11259138 408247 3.70204e+06 10972.8 45 254.65 0 22345 640.08 152.4
11259136 406416 3.69952e+06 30899.1 3.13269e-11 61.7333 0 22346 640.08 152.4
11259137 404365 3.70119e+06 10363.2 150.469 249.506 0 22346 640.08 152.4
11259138 408430 3.70222e+06 10972.8 45 254.65 0 22346 640.08 152.4
11259136 406480 3.69952e+06 30899.1 3.13269e-11 61.7333 0 22347 640.08 152.4
11259137 404149 3.70132e+06 10363.2 150.469 249.506 0 22347 640.08 152.4
11259138 408613 3.7024e+06 10972.8 45 254.65 0 22347 640.08 152.4
11259136 406543 3.69952e+06 30899.1 3.13269e-11 61.7333 0 22348 640.08 152.4
11259137 403933 3.70144e+06 10363.2 150.469 249.506 0 22348 640.08 152.4
11259138 408796 3.70257e+06 10972.8 45 254.65 0 22348 640.08 152.4
11259136 406607 3.69952e+06 30899.1 3.13269e-11 61.7333 0 22349 640.08 152.4
11259137 403716 3.70156e+06 10363.2 150.469 249.506 0 22349 640.08 152.4
11259138 408979 3.70275e+06 10972.8 45 254.65 0 22349 640.08 152.4
11259136 406671 3.69952e+06 30899.1 3.13269e-11 61.7333 0 22350 640.08 152.4
11259137 403501 3.70169e+06 10363.2 150.469 249.506 0 22350 640.08 152.4
11259138 409162 3.70293e+06 10972.8 45 254.65 0 22350 640.08 152.4
11259136 406735 3.69952e+06 30899.1 3.13269e-11 61.7333 0 22351 640.08 152.4
11259137 403284 3.70181e+06 10363.2 150.469 249.506 0 22351 640.08 152.4
11259138 409345 3.7031e+06 10972.8 45 254.65 0 22351 640.08 152.4
11259136 406799 3.69952e+06 30899.1 3.13269e-11 61.7333 0 22352 640.08 152.4
11259137 403068 3.70193e+06 10363.2 150.469 249.506 0 22352 640.08 152.4
11259138 409529 3.70328e+06 10972.8 45 254.65 0 22352 640.08 152.4
11259136 406863 3.69952e+06 30899.1 3.13269e-11 61.7333 0 22353 640.08 152.4
11259137 402852 3.70206e+06 10363.2 150.469 249.506 0 22353 640.08 152.4
11259138 409712 3.70346e+06 10972.8 45 254.65 0 22353 640.08 152.4
11259136 406926 3.69952e+06 30899.1 3.13269e-11 61.7333 0 22354 640.08 152.4
11259137 402635 3.70218e+06 10363.2 150.469 249.506 0 22354 640.08 152.4
11259138 409895 3.70364e+06 10972.8 45 254.65 0 22354 640.08 152.4
11259136 406990 3.69952e+06 30899.1 3.13269e-11 61.7333 0 22355 640.08 152.4
11259137 402420 3.7023e+06 10363.2 150.469 249.506 0 22355 640.08 152.4
11259138 410078 3.70381e+06 10972.8 45 254.65 0 22355 640.08 152.4
11259136 407054 3.69952e+06 30899.1 3.13269e-11 61.7333 0 22356 640.08 152.4
11259137 402203 3.70243e+06 10363.2 150.469 249.506 0 22356 640.08 152.4
11259138 410261 3.70399e+06 10972.8 45 254.65 0 22356 640.08 152.4
11259136 407118 3.69952e+06 30899.1 3.13269e-11 61.7333 0 22357 640.08 152.4
11259137 401988 3.70255e+06 10363.2 150.469 249.506 0 22357 640.08 152.4
11259138 410444 3.70417e+06 10972.8 45 254.65 0 22357 640.08 152.4
11259136 407182 3.69952e+06 30899.1 3.13269e-11 61.7333 0 22358 640.08 152.4
11259137 401771 3.70267e+06 10363.2 150.469 249.506 0 22358 640.08 152.4
11259138 410628 3.70434e+06 10972.8 45 254.65 0 22358 640.08 152.4
11259136 407246 3.69952e+06 30899.1 3.13269e-11 61.7333 0 22359 640.08 152.4
11259137 401555 3.7028e+06 10363.2 150.469 249.506 0 22359 640.08 152.4
11259138 410811 3.70452e+06 10972.8 45 254.65 0 22359 640.08 152.4
11259136 407309 3.69951e+06 30899.1 3.13269e-11 61.7333 0 22360 640.08 152.4
11259137 401341 3.70292e+06 10363.2 150.469 249.506 0 22360 640.08 152.4
11259136 407373 3.69951e+06 30899.1 3.13269e-11 61.7333 0 22361 640.08 152.4
11259137 401125 3.70305e+06 10363.2 150.469 249.506 0 22361 640.08 152.4
11259138 411177 3.70487e+06 10972.8 45 254.65 0 22361 640.08 152.4
11259136 407437 3.69951e+06 30899.1 3.13269e-11 61.7333 0 22362 640.08 152.4
11259137 400909 3.70317e+06 10363.2 150.469 249.506 0 22362 640.08 152.4
11259138 411360 3.70505e+06 10972.8 45 254.65 0 22362 640.08 152.4
11259136 407501 3.69951e+06 30899.1 3.13269e-11 61.7333 0 22363 640.08 152.4
11259137 400692 3.70329e+06 10363.2 150.469 249.506 0 22363 640.08 152.4
11259138 411543 3.70523e+06 10972.8 45 254.65 0 22363 640.08 152.4
11259136 407565 3.69951e+06 30899.1 3.13269e-11 61.7333 0 22364 640.08 152.4
11259137 400477 3.70342e+06 10363.2 150.469 249.506 0 22364 640.08 152.4
11259138 411726 3.7054e+06 10972.8 45 254.65 0 22364 640.08 152.4
11259136 407629 3.69951e+06 30899.1 3.13269e-11 61.7333 0 22365 640.08 152.4
11259137 400263 3.70354e+06 10363.2 150.469 249.506 0 22365 640.08 152.4
11259138 411909 3.70558e+06 10972.8 45 254.65 0 22365 640.08 152.4
11259136 407692 3.69951e+06 30899.1 3.13269e-11 61.7333 0 22366 640.08 152.4
11259137 400046 3.70366e+06 10363.2 150.469 249.506 0 22366 640.08 152.4
11259136 407756 3.69951e+06 30899.1 3.13269e-11 61.7333 0 22367 640.08 152.4
11259137 399830 3.70379e+06 10363.2 150.469 249.506 0 22367 640.08 152.4
11259138 412275 3.70593e+06 10972.8 45 254.65 0 22367 640.08 152.4
11259136 407820 3.69951e+06 30899.1 3.13269e-11 61.7333 0 22368 640.08 152.4
11259137 399614 3.70391e+06 10363.2 150.469 249.506 0 22368 640.08 152.4
11259138 412458 3.70611e+06 10972.8 45 254.65 0 22368 640.08 152.4
11259136 407884 3.69951e+06 30899.1 3.13269e-11 61.7333 0 22369 640.08 152.4
11259137 399398 3.70403e+06 10363.2 150.469 249.506 0 22369 640.08 152.4
11259138 412641 3.70629e+06 10972.8 45 254.65 0 22369 640.08 152.4
11259136 407948 3.69951e+06 30899.1 3.13269e-11 61.7333 0 22370 640.08 152.4
11259137 399184 3.70416e+06 10363.2 150.469 249.506 0 22370 640.08 152.4
11259138 412824 3.70646e+06 10972.8 45 254.65 0 22370 640.08 152.4
11259136 408012 3.69951e+06 30899.1 3.13269e-11 61.7333 0 22371 640.08 152.4
11259137 398968 3.70428e+06 10363.2 150.469 249.506 0 22371 640.08 152.4
11259138 413007 3.70664e+06 10972.8 45 254.65 0 22371 640.08 152.4
11259136 408075 3.69951e+06 30899.1 3.13269e-11 61.7333 0 22372 640.08 152.4
11259137 398752 3.7044e+06 10363.2 150.469 249.506 0 22372 640.08 152.4
11259138 413190 3.70682e+06 10972.8 45 254.65 0 22372 640.08 152.4
11259136 408139 3.69951e+06 30899.1 3.13269e-11 61.7333 0 22373 640.08 152.4
11259137 398536 3.70453e+06 10363.2 150.469 249.506 0 22373 640.08 152.4
11259138 413373 3.70699e+06 10972.8 45 254.65 0 22373 640.08 152.4
11259136 408203 3.69951e+06 30899.1 3.13269e-11 61.7333 0 22374 640.08 152.4
11259137 398320 3.70465e+06 10363.2 150.469 249.506 0 22374 640.08 152.4
11259138 413556 3.70717e+06 10972.8 45 254.65 0 22374 640.08 152.4
11259136 408267 3.69951e+06 30899.1 3.13269e-11 61.7333 0 22375 640.08 152.4
11259137 398106 3.70478e+06 10363.2 150.469 249.506 0 22375 640.08 152.4
11259138 413739 3.70735e+06 10972.8 45 254.65 0 22375 640.08 152.4
11259136 408331 3.69951e+06 30899.1 3.13269e-11 61.7333 0 22376 640.08 152.4
11259137 397889 3.7049e+06 10363.2 150.469 249.506 0 22376 640.08 152.4
11259138 413922 3.70752e+06 10972.8 45 254.65 0 22376 640.08 152.4
11259136 408395 3.6995e+06 30899.1 3.13269e-11 61.7333 0 22377 640.08 152.4
11259137 397674 3.70502e+06 10363.2 150.469 249.506 0 22377 640.08 152.4
11259138 414105 3.7077e+06 10972.8 45 254.65 0 22377 640.08 152.4
11259136 408458 3.6995e+06 30899.1 3.13269e-11 61.7333 0 22378 640.08 152.4
11259137 397458 3.70515e+06 10363.2 150.469 249.506 0 22378 640.08 152.4
11259138 414288 3.70788e+06 10972.8 45 254.65 0 22378 640.08 152.4
11259136 408522 3.6995e+06 30899.1 3.13269e-11 61.7333 0 22379 640.08 152.4
11259137 397242 3.70527e+06 10363.2 150.469 249.506 0 22379 640.08 152.4
11259138 414471 3.70805e+06 10972.8 45 254.65 0 22379 640.08 152.4
11259136 408586 3.6995e+06 30899.1 3.13269e-11 61.7333 0 22381 640.08 152.4
11259137 397028 3.70539e+06 10363.2 150.469 249.506 0 22381 640.08 152.4
11259138 414653 3.70823e+06 10972.8 45 254.65 0 22381 640.08 152.4
11259136 408650 3.6995e+06 30899.1 3.13269e-11 61.7333 0 22382 640.08 152.4
11259137 396811 3.70552e+06 10363.2 150.469 249.506 0 22382 640.08 152.4
11259138 414836 3.70841e+06 10972.8 45 254.65 0 22382 640.08 152.4
11259136 408714 3.6995e+06 30899.1 3.13269e-11 61.7333 0 22383 640.08 152.4
11259136 408778 3.6995e+06 30899.1 3.13269e-11 61.7333 0 22384 640.08 152.4
11259137 396379 3.70576e+06 10363.2 150.469 249.506 0 22384 640.08 152.4
11259138 415202 3.70876e+06 10972.8 45 254.65 0 22384 640.08 152.4
11259136 408841 3.6995e+06 30899.1 3.13269e-11 61.7333 0 22385 640.08 152.4
11259137 396164 3.70589e+06 10363.2 150.469 249.506 0 22385 640.08 152.4
11259138 415385 3.70894e+06 10972.8 45 254.65 0 22385 640.08 152.4
11259136 408905 3.6995e+06 30899.1 3.13269e-11 61.7333 0 22386 640.08 152.4
11259137 395950 3.70601e+06 10363.2 150.469 249.506 0 22386 640.08 152.4
11259138 415568 3.70912e+06 10972.8 45 254.65 0 22386 640.08 152.4
11259136 408969 3.6995e+06 30899.1 3.13269e-11 61.7333 0 22387 640.08 152.4
11259137 395733 3.70614e+06 10363.2 150.469 249.506 0 22387 640.08 152.4
11259138 415751 3.70929e+06 10972.8 45 254.65 0 22387 640.08 152.4
11259136 409033 3.6995e+06 30899.1 3.13269e-11 61.7333 0 22388 640.08 152.4
11259137 395518 3.70626e+06 10363.2 150.469 249.506 0 22388 640.08 152.4
11259138 415934 3.70947e+06 10972.8 45 254.65 0 22388 640.08 152.4
11259136 409097 3.6995e+06 30899.1 3.13269e-11 61.7333 0 22389 640.08 152.4
11259137 395302 3.70638e+06 10363.2 150.469 249.506 0 22389 640.08 152.4
11259138 416117 3.70965e+06 10972.8 45 254.65 0 22389 640.08 152.4
11259136 409161 3.6995e+06 30899.1 3.13269e-11 61.7333 0 22390 640.08 152.4
11259137 395086 3.70651e+06 10363.2 150.469 249.506 0 22390 640.08 152.4
11259138 416300 3.70982e+06 10972.8 45 254.65 0 22390 640.08 152.4
11259136 409224 3.6995e+06 30899.1 3.13269e-11 61.7333 0 22391 640.08 152.4
11259137 394872 3.70663e+06 10363.2 150.469 249.506 0 22391 640.08 152.4
11259138 416483 3.71e+06 10972.8 45 254.65 0 22391 640.08 152.4
11259136 409288 3.6995e+06 30899.1 3.13269e-11 61.7333 0 22392 640.08 152.4
11259137 394656 3.70675e+06 10363.2 150.469 249.506 0 22392 640.08 152.4
11259138 416666 3.71018e+06 10972.8 45 254.65 0 22392 640.08 152.4
11259136 409352 3.6995e+06 30899.1 3.13269e-11 61.7333 0 22393 640.08 152.4
11259137 394440 3.70688e+06 10363.2 150.469 249.506 0 22393 640.08 152.4
11259138 416849 3.71035e+06 10972.8 45 254.65 0 22393 640.08 152.4
11259136 409416 3.69949e+06 30899.1 3.13269e-11 61.7333 0 22394 640.08 152.4
11259137 394224 3.707e+06 10363.2 150.469 249.506 0 22394 640.08 152.4
11259138 417032 3.71053e+06 10972.8 45 254.65 0 22394 640.08 152.4
11259136 409480 3.69949e+06 30899.1 3.13269e-11 61.7333 0 22395 640.08 152.4
11259137 394008 3.70713e+06 10363.2 150.469 249.506 0 22395 640.08 152.4
11259138 417215 3.71071e+06 10972.8 45 254.65 0 22395 640.08 152.4
11259136 409544 3.69949e+06 30899.1 3.13269e-11 61.7333 0 22396 640.08 152.4
11259137 393794 3.70725e+06 10363.2 150.469 249.506 0 22396 640.08 152.4
11259138 417397 3.71088e+06 10972.8 45 254.65 0 22396 640.08 152.4
11259136 409607 3.69949e+06 30899.1 3.13269e-11 61.7333 0 22397 640.08 152.4
11259137 393578 3.70737e+06 10363.2 150.469 249.506 0 22397 640.08 152.4
11259138 417580 3.71106e+06 10972.8 45 254.65 0 22397 640.08 152.4
11259137 393362 3.7075e+06 10363.2 150.469 249.506 0 22398 640.08 152.4
11259138 417763 3.71124e+06 10972.8 45 254.65 0 22398 640.08 152.4
11259136 409735 3.69949e+06 30899.1 3.13269e-11 61.7333 0 22399 640.08 152.4
11259137 393146 3.70762e+06 10363.2 150.469 249.506 0 22399 640.08 152.4
11259138 417945 3.71141e+06 10972.8 45 254.65 0 22399 640.08 152.4
11259136 409799 3.69949e+06 30899.1 3.13269e-11 61.7333 0 22400 640.08 152.4
11259137 392931 3.70774e+06 10363.2 150.469 249.506 0 22400 640.08 152.4
11259138 418128 3.71159e+06 10972.8 45 254.65 0 22400 640.08 152.4
11259136 409863 3.69949e+06 30899.1 3.13269e-11 61.7333 0 22401 640.08 152.4
11259137 392717 3.70787e+06 10363.2 150.469 249.506 0 22401 640.08 152.4
11259138 418311 3.71177e+06 10972.8 45 254.65 0 22401 640.08 152.4
11259136 409927 3.69949e+06 30899.1 3.13269e-11 61.7333 0 22402 640.08 152.4
11259137 392500 3.70799e+06 10363.2 150.469 249.506 0 22402 640.08 152.4
11259138 418494 3.71195e+06 10972.8 45 254.65 0 22402 640.08 152.4
11259136 409990 3.69949e+06 30899.1 3.13269e-11 61.7333 0 22403 640.08 152.4
11259137 392285 3.70812e+06 10363.2 150.469 249.506 0 22403 640.08 152.4
11259138 418677 3.71212e+06 10972.8 45 254.65 0 22403 640.08 152.4
11259136 410054 3.69949e+06 30899.1 3.13269e-11 61.7333 0 22404 640.08 152.4
11259137 392069 3.70824e+06 10363.2 150.469 249.506 0 22404 640.08 152.4
11259138 418860 3.7123e+06 10972.8 45 254.65 0 22404 640.08 152.4
11259136 410118 3.69949e+06 30899.1 3.13269e-11 61.7333 0 22405 640.08 152.4
11259137 391853 3.70836e+06 10363.2 150.469 249.506 0 22405 640.08 152.4
11259138 419042 3.71248e+06 10972.8 45 254.65 0 22405 640.08 152.4
11259136 410182 3.69949e+06 30899.1 3.13269e-11 61.7333 0 22406 640.08 152.4
11259137 391639 3.70849e+06 10363.2 150.469 249.506 0 22406 640.08 152.4
11259138 419225 3.71265e+06 10972.8 45 254.65 0 22406 640.08 152.4
11259136 410246 3.69949e+06 30899.1 3.13269e-11 61.7333 0 22407 640.08 152.4
11259137 391423 3.70861e+06 10363.2 150.469 249.506 0 22407 640.08 152.4
11259138 419408 3.71283e+06 10972.8 45 254.65 0 22407 640.08 152.4
11259136 410310 3.69949e+06 30899.1 3.13269e-11 61.7333 0 22408 640.08 152.4
11259137 391207 3.70873e+06 10363.2 150.469 249.506 0 22408 640.08 152.4
11259138 419591 3.71301e+06 10972.8 45 254.65 0 22408 640.08 152.4
11259136 410373 3.69949e+06 30899.1 3.13269e-11 61.7333 0 22409 640.08 152.4
11259137 390991 3.70886e+06 10363.2 150.469 249.506 0 22409 640.08 152.4
11259138 419774 3.71318e+06 10972.8 45 254.65 0 22409 640.08 152.4
11259137 390776 3.70898e+06 10363.2 150.469 249.506 0 22410 640.08 152.4
11259138 419956 3.71336e+06 10972.8 45 254.65 0 22410 640.08 152.4
11259136 410501 3.69948e+06 30899.1 3.13269e-11 61.7333 0 22411 640.08 152.4
11259137 390562 3.70911e+06 10363.2 150.469 249.506 0 22411 640.08 152.4
11259138 420139 3.71354e+06 10972.8 45 254.65 0 22411 640.08 152.4
11259136 410565 3.69948e+06 30899.1 3.13269e-11 61.7333 0 22412 640.08 152.4
11259137 390346 3.70923e+06 10363.2 150.469 249.506 0 22412 640.08 152.4
11259138 420322 3.71371e+06 10972.8 45 254.65 0 22412 640.08 152.4
11259136 410629 3.69948e+06 30899.1 3.13269e-11 61.7333 0 22413 640.08 152.4
11259137 390130 3.70935e+06 10363.2 150.469 249.506 0 22413 640.08 152.4
11259138 420504 3.71389e+06 10972.8 45 254.65 0 22413 640.08 152.4
11259136 410693 3.69948e+06 30899.1 3.13269e-11 61.7333 0 22414 640.08 152.4
11259137 389914 3.70948e+06 10363.2 150.469 249.506 0 22414 640.08 152.4
11259138 420687 3.71407e+06 10972.8 45 254.65 0 22414 640.08 152.4
11259136 410756 3.69948e+06 30899.1 3.13269e-11 61.7333 0 22415 640.08 152.4
11259137 389699 3.7096e+06 10363.2 150.469 249.506 0 22415 640.08 152.4
11259138 420870 3.71425e+06 10972.8 45 254.65 0 22415 640.08 152.4
11259136 410820 3.69948e+06 30899.1 3.13269e-11 61.7333 0 22416 640.08 152.4
11259137 389485 3.70972e+06 10363.2 150.469 249.506 0 22416 640.08 152.4
11259138 421052 3.71442e+06 10972.8 45 254.65 0 22416 640.08 152.4
11259136 410884 3.69948e+06 30899.1 3.13269e-11 61.7333 0 22417 640.08 152.4
11259137 389268 3.70985e+06 10363.2 150.469 249.506 0 22417 640.08 152.4
11259138 421235 3.7146e+06 10972.8 45 254.65 0 22417 640.08 152.4
11259136 410948 3.69948e+06 30899.1 3.13269e-11 61.7333 0 22418 640.08 152.4
11259137 389053 3.70997e+06 10363.2 150.469 249.506 0 22418 640.08 152.4
11259138 421418 3.71478e+06 10972.8 45 254.65 0 22418 640.08 152.4
