11259136 428821 3.69933e+06 30899.1 3.13269e-11 61.7333 0 15491 640.08 152.4
11259137 328895 3.74484e+06 10363.2 150.469 249.506 0 15491 640.08 152.4
11259138 472409 3.76446e+06 10972.8 45 254.65 0 15491 640.08 152.4
11259136 428885 3.69933e+06 30899.1 3.13269e-11 61.7333 0 15492 640.08 152.4
11259137 328681 3.74497e+06 10363.2 150.469 249.506 0 15492 640.08 152.4
11259138 472590 3.76463e+06 10972.8 45 254.65 0 15492 640.08 152.4
11259136 428949 3.69933e+06 30899.1 3.13269e-11 61.7333 0 15493 640.08 152.4
11259137 328467 3.74509e+06 10363.2 150.469 249.506 0 15493 640.08 152.4
11259138 472771 3.76481e+06 10972.8 45 254.65 0 15493 640.08 152.4
11259136 429013 3.69933e+06 30899.1 3.13269e-11 61.7333 0 15494 640.08 152.4
11259137 328252 3.74522e+06 10363.2 150.469 249.506 0 15494 640.08 152.4
11259138 472954 3.76499e+06 10972.8 45 254.65 0 15494 640.08 152.4
11259136 429076 3.69933e+06 30899.1 3.13269e-11 61.7333 0 15495 640.08 152.4
11259137 328038 3.74534e+06 10363.2 150.469 249.506 0 15495 640.08 152.4
11259138 473137 3.76517e+06 10972.8 45 254.65 0 15495 640.08 152.4
11259136 429140 3.69933e+06 30899.1 3.13269e-11 61.7333 0 15496 640.08 152.4
11259137 327824 3.74547e+06 10363.2 150.469 249.506 0 15496 640.08 152.4
11259138 473319 3.76535e+06 10972.8 45 254.65 0 15496 640.08 152.4
11259136 429204 3.69933e+06 30899.1 3.13269e-11 61.7333 0 15497 640.08 152.4
11259137 327609 3.7456e+06 10363.2 150.469 249.506 0 15497 640.08 152.4
11259138 473500 3.76552e+06 10972.8 45 254.65 0 15497 640.08 152.4
11259136 429396 3.69933e+06 30899.1 3.13269e-11 61.7333 0 15500 640.08 152.4
11259138 474042 3.76606e+06 10972.8 45 254.65 0 15500 640.08 152.4
11259136 429459 3.69933e+06 30899.1 3.13269e-11 61.7333 0 15501 640.08 152.4
11259137 326753 3.7461e+06 10363.2 150.469 249.506 0 15501 640.08 152.4
11259138 474225 3.76624e+06 10972.8 45 254.65 0 15501 640.08 152.4
11259136 429523 3.69933e+06 30899.1 3.13269e-11 61.7333 0 15502 640.08 152.4
11259137 326539 3.74622e+06 10363.2 150.469 249.506 0 15502 640.08 152.4
11259138 474408 3.76641e+06 10972.8 45 254.65 0 15502 640.08 152.4
11259136 429587 3.69933e+06 30899.1 3.13269e-11 61.7333 0 15503 640.08 152.4
11259137 326324 3.74635e+06 10363.2 150.469 249.506 0 15503 640.08 152.4
11259138 474590 3.76659e+06 10972.8 45 254.65 0 15503 640.08 152.4
11259136 429651 3.69933e+06 30899.1 3.13269e-11 61.7333 0 15504 640.08 152.4
11259137 326110 3.74647e+06 10363.2 150.469 249.506 0 15504 640.08 152.4
11259138 474771 3.76677e+06 10972.8 45 254.65 0 15504 640.08 152.4
11259136 429715 3.69933e+06 30899.1 3.13269e-11 61.7333 0 15505 640.08 152.4
11259137 325896 3.7466e+06 10363.2 150.469 249.506 0 15505 640.08 152.4
11259138 474951 3.76695e+06 10972.8 45 254.65 0 15505 640.08 152.4
11259136 429779 3.69933e+06 30899.1 3.13269e-11 61.7333 0 15506 640.08 152.4
11259137 325681 3.74672e+06 10363.2 150.469 249.506 0 15506 640.08 152.4
11259138 475132 3.76713e+06 10972.8 45 254.65 0 15506 640.08 152.4
11259136 429842 3.69933e+06 30899.1 3.13269e-11 61.7333 0 15507 640.08 152.4
11259137 325468 3.74685e+06 10363.2 150.469 249.506 0 15507 640.08 152.4
11259138 475313 3.7673e+06 10972.8 45 254.65 0 15507 640.08 152.4
11259136 429906 3.69932e+06 30899.1 3.13269e-11 61.7333 0 15508 640.08 152.4
11259137 325253 3.74697e+06 10363.2 150.469 249.506 0 15508 640.08 152.4
11259138 475496 3.76748e+06 10972.8 45 254.65 0 15508 640.08 152.4
11259136 429970 3.69932e+06 30899.1 3.13269e-11 61.7333 0 15509 640.08 152.4
11259137 325039 3.7471e+06 10363.2 150.469 249.506 0 15509 640.08 152.4
11259138 475679 3.76766e+06 10972.8 45 254.65 0 15509 640.08 152.4
11259136 430034 3.69932e+06 30899.1 3.13269e-11 61.7333 0 15510 640.08 152.4
11259137 324825 3.74722e+06 10363.2 150.469 249.506 0 15510 640.08 152.4
11259138 475861 3.76784e+06 10972.8 45 254.65 0 15510 640.08 152.4
11259136 430098 3.69932e+06 30899.1 3.13269e-11 61.7333 0 15511 640.08 152.4
11259137 324611 3.74735e+06 10363.2 150.469 249.506 0 15511 640.08 152.4
11259138 476041 3.76802e+06 10972.8 45 254.65 0 15511 640.08 152.4
11259137 324396 3.74747e+06 10363.2 150.469 249.506 0 15512 640.08 152.4
11259138 476222 3.76819e+06 10972.8 45 254.65 0 15512 640.08 152.4
11259136 430225 3.69932e+06 30899.1 3.13269e-11 61.7333 0 15513 640.08 152.4
11259137 324183 3.7476e+06 10363.2 150.469 249.506 0 15513 640.08 152.4
11259138 476403 3.76837e+06 10972.8 45 254.65 0 15513 640.08 152.4
11259136 430289 3.69932e+06 30899.1 3.13269e-11 61.7333 0 15514 640.08 152.4
11259137 323968 3.74773e+06 10363.2 150.469 249.506 0 15514 640.08 152.4
11259138 476584 3.76855e+06 10972.8 45 254.65 0 15514 640.08 152.4
11259136 430353 3.69932e+06 30899.1 3.13269e-11 61.7333 0 15515 640.08 152.4
11259137 323754 3.74785e+06 10363.2 150.469 249.506 0 15515 640.08 152.4
11259138 476766 3.76873e+06 10972.8 45 254.65 0 15515 640.08 152.4
11259136 430417 3.69932e+06 30899.1 3.13269e-11 61.7333 0 15516 640.08 152.4
11259137 323540 3.74798e+06 10363.2 150.469 249.506 0 15516 640.08 152.4
11259138 476949 3.76891e+06 10972.8 45 254.65 0 15516 640.08 152.4
11259136 430481 3.69932e+06 30899.1 3.13269e-11 61.7333 0 15517 640.08 152.4
11259137 323326 3.7481e+06 10363.2 150.469 249.506 0 15517 640.08 152.4
11259138 477131 3.76908e+06 10972.8 45 254.65 0 15517 640.08 152.4
11259136 430545 3.69932e+06 30899.1 3.13269e-11 61.7333 0 15519 640.08 152.4
11259137 323112 3.74823e+06 10363.2 150.469 249.506 0 15519 640.08 152.4
11259138 477312 3.76926e+06 10972.8 45 254.65 0 15519 640.08 152.4
11259136 430608 3.69932e+06 30899.1 3.13269e-11 61.7333 0 15520 640.08 152.4
11259137 322897 3.74835e+06 10363.2 150.469 249.506 0 15520 640.08 152.4
11259138 477493 3.76944e+06 10972.8 45 254.65 0 15520 640.08 152.4
11259136 430672 3.69932e+06 30899.1 3.13269e-11 61.7333 0 15521 640.08 152.4
11259137 322684 3.74848e+06 10363.2 150.469 249.506 0 15521 640.08 152.4
11259138 477673 3.76962e+06 10972.8 45 254.65 0 15521 640.08 152.4
11259136 430736 3.69932e+06 30899.1 3.13269e-11 61.7333 0 15522 640.08 152.4
11259137 322469 3.7486e+06 10363.2 150.469 249.506 0 15522 640.08 152.4
11259138 477854 3.7698e+06 10972.8 45 254.65 0 15522 640.08 152.4
11259136 430800 3.69932e+06 30899.1 3.13269e-11 61.7333 0 15523 640.08 152.4
11259137 322255 3.74873e+06 10363.2 150.469 249.506 0 15523 640.08 152.4
11259138 478037 3.76997e+06 10972.8 45 254.65 0 15523 640.08 152.4
11259136 430864 3.69932e+06 30899.1 3.13269e-11 61.7333 0 15524 640.08 152.4
11259137 322041 3.74885e+06 10363.2 150.469 249.506 0 15524 640.08 152.4
11259138 478219 3.77015e+06 10972.8 45 254.65 0 15524 640.08 152.4
11259136 430928 3.69932e+06 30899.1 3.13269e-11 61.7333 0 15525 640.08 152.4
11259137 321827 3.74898e+06 10363.2 150.469 249.506 0 15525 640.08 152.4
11259138 478401 3.77033e+06 10972.8 45 254.65 0 15525 640.08 152.4
11259136 430991 3.69932e+06 30899.1 3.13269e-11 61.7333 0 15526 640.08 152.4
11259137 321613 3.74911e+06 10363.2 150.469 249.506 0 15526 640.08 152.4
11259138 478582 3.77051e+06 10972.8 45 254.65 0 15526 640.08 152.4
11259136 431055 3.69932e+06 30899.1 3.13269e-11 61.7333 0 15527 640.08 152.4
11259137 321399 3.74923e+06 10363.2 150.469 249.506 0 15527 640.08 152.4
11259138 478763 3.77069e+06 10972.8 45 254.65 0 15527 640.08 152.4
11259136 431119 3.69932e+06 30899.1 3.13269e-11 61.7333 0 15528 640.08 152.4
11259137 321185 3.74936e+06 10363.2 150.469 249.506 0 15528 640.08 152.4
11259138 478943 3.77086e+06 10972.8 45 254.65 0 15528 640.08 152.4
11259136 431183 3.69932e+06 30899.1 3.13269e-11 61.7333 0 15529 640.08 152.4
11259137 320971 3.74948e+06 10363.2 150.469 249.506 0 15529 640.08 152.4
11259138 479124 3.77104e+06 10972.8 45 254.65 0 15529 640.08 152.4
11259136 431247 3.69932e+06 30899.1 3.13269e-11 61.7333 0 15530 640.08 152.4
11259137 320756 3.74961e+06 10363.2 150.469 249.506 0 15530 640.08 152.4
11259138 479306 3.77122e+06 10972.8 45 254.65 0 15530 640.08 152.4
11259136 431311 3.69931e+06 30899.1 3.13269e-11 61.7333 0 15531 640.08 152.4
11259137 320542 3.74973e+06 10363.2 150.469 249.506 0 15531 640.08 152.4
11259138 479489 3.7714e+06 10972.8 45 254.65 0 15531 640.08 152.4
11259136 431374 3.69931e+06 30899.1 3.13269e-11 61.7333 0 15532 640.08 152.4
11259137 320328 3.74986e+06 10363.2 150.469 249.506 0 15532 640.08 152.4
11259138 479671 3.77158e+06 10972.8 45 254.65 0 15532 640.08 152.4
11259136 431438 3.69931e+06 30899.1 3.13269e-11 61.7333 0 15533 640.08 152.4
11259137 320114 3.74998e+06 10363.2 150.469 249.506 0 15533 640.08 152.4
11259138 479852 3.77175e+06 10972.8 45 254.65 0 15533 640.08 152.4
11259136 431502 3.69931e+06 30899.1 3.13269e-11 61.7333 0 15534 640.08 152.4
11259137 319900 3.75011e+06 10363.2 150.469 249.506 0 15534 640.08 152.4
11259138 480032 3.77193e+06 10972.8 45 254.65 0 15534 640.08 152.4
