11259136 411139 3.69948e+06 30899.1 3.13269e-11 61.7333 0 22660 640.08 152.4
11259137 388408 3.71034e+06 10363.2 150.469 249.506 0 22660 640.08 152.4
11259138 421966 3.71531e+06 10972.8 45 254.65 0 22660 640.08 152.4
11259136 411203 3.69948e+06 30899.1 3.13269e-11 61.7333 0 22661 640.08 152.4
11259137 388191 3.71047e+06 10363.2 150.469 249.506 0 22661 640.08 152.4
11259138 422149 3.71548e+06 10972.8 45 254.65 0 22661 640.08 152.4
11259136 411267 3.69948e+06 30899.1 3.13269e-11 61.7333 0 22663 640.08 152.4
11259137 387976 3.71059e+06 10363.2 150.469 249.506 0 22663 640.08 152.4
11259138 422331 3.71566e+06 10972.8 45 254.65 0 22663 640.08 152.4
11259136 411331 3.69948e+06 30899.1 3.13269e-11 61.7333 0 22664 640.08 152.4
11259137 387760 3.71072e+06 10363.2 150.469 249.506 0 22664 640.08 152.4
11259138 422514 3.71584e+06 10972.8 45 254.65 0 22664 640.08 152.4
11259136 411395 3.69948e+06 30899.1 3.13269e-11 61.7333 0 22665 640.08 152.4
11259137 387545 3.71084e+06 10363.2 150.469 249.506 0 22665 640.08 152.4
11259138 422697 3.71602e+06 10972.8 45 254.65 0 22665 640.08 152.4
11259136 411459 3.69948e+06 30899.1 3.13269e-11 61.7333 0 22666 640.08 152.4
11259137 387331 3.71096e+06 10363.2 150.469 249.506 0 22666 640.08 152.4
11259138 422880 3.71619e+06 10972.8 45 254.65 0 22666 640.08 152.4
11259136 411522 3.69948e+06 30899.1 3.13269e-11 61.7333 0 22667 640.08 152.4
11259137 387115 3.71109e+06 10363.2 150.469 249.506 0 22667 640.08 152.4
11259138 423062 3.71637e+06 10972.8 45 254.65 0 22667 640.08 152.4
11259136 411586 3.69947e+06 30899.1 3.13269e-11 61.7333 0 22668 640.08 152.4
11259137 386899 3.71121e+06 10363.2 150.469 249.506 0 22668 640.08 152.4
11259136 411650 3.69947e+06 30899.1 3.13269e-11 61.7333 0 22669 640.08 152.4
11259137 386683 3.71133e+06 10363.2 150.469 249.506 0 22669 640.08 152.4
11259138 423428 3.71672e+06 10972.8 45 254.65 0 22669 640.08 152.4
11259136 411714 3.69947e+06 30899.1 3.13269e-11 61.7333 0 22670 640.08 152.4
11259137 386468 3.71146e+06 10363.2 150.469 249.506 0 22670 640.08 152.4
11259138 423610 3.7169e+06 10972.8 45 254.65 0 22670 640.08 152.4
11259136 411778 3.69947e+06 30899.1 3.13269e-11 61.7333 0 22671 640.08 152.4
11259137 386254 3.71158e+06 10363.2 150.469 249.506 0 22671 640.08 152.4
11259138 423792 3.71708e+06 10972.8 45 254.65 0 22671 640.08 152.4
11259136 411842 3.69947e+06 30899.1 3.13269e-11 61.7333 0 22672 640.08 152.4
11259137 386038 3.71171e+06 10363.2 150.469 249.506 0 22672 640.08 152.4
11259138 423975 3.71725e+06 10972.8 45 254.65 0 22672 640.08 152.4
11259136 411905 3.69947e+06 30899.1 3.13269e-11 61.7333 0 22673 640.08 152.4
11259137 385822 3.71183e+06 10363.2 150.469 249.506 0 22673 640.08 152.4
11259138 424157 3.71743e+06 10972.8 45 254.65 0 22673 640.08 152.4
11259136 411969 3.69947e+06 30899.1 3.13269e-11 61.7333 0 22674 640.08 152.4
11259137 385606 3.71195e+06 10363.2 150.469 249.506 0 22674 640.08 152.4
11259138 424340 3.71761e+06 10972.8 45 254.65 0 22674 640.08 152.4
11259136 412033 3.69947e+06 30899.1 3.13269e-11 61.7333 0 22675 640.08 152.4
11259137 385391 3.71208e+06 10363.2 150.469 249.506 0 22675 640.08 152.4
11259138 424523 3.71779e+06 10972.8 45 254.65 0 22675 640.08 152.4
11259136 412097 3.69947e+06 30899.1 3.13269e-11 61.7333 0 22676 640.08 152.4
11259137 385177 3.7122e+06 10363.2 150.469 249.506 0 22676 640.08 152.4
11259136 412161 3.69947e+06 30899.1 3.13269e-11 61.7333 0 22677 640.08 152.4
11259137 384961 3.71233e+06 10363.2 150.469 249.506 0 22677 640.08 152.4
11259136 412225 3.69947e+06 30899.1 3.13269e-11 61.7333 0 22678 640.08 152.4
11259137 384746 3.71245e+06 10363.2 150.469 249.506 0 22678 640.08 152.4
11259136 412288 3.69947e+06 30899.1 3.13269e-11 61.7333 0 22679 640.08 152.4
11259137 384530 3.71257e+06 10363.2 150.469 249.506 0 22679 640.08 152.4
11259136 412352 3.69947e+06 30899.1 3.13269e-11 61.7333 0 22680 640.08 152.4
11259137 384315 3.7127e+06 10363.2 150.469 249.506 0 22680 640.08 152.4
11259136 412416 3.69947e+06 30899.1 3.13269e-11 61.7333 0 22681 640.08 152.4
11259137 384101 3.71282e+06 10363.2 150.469 249.506 0 22681 640.08 152.4
11259138 425618 3.71885e+06 10972.8 45 254.65 0 22681 640.08 152.4
11259136 412480 3.69947e+06 30899.1 3.13269e-11 61.7333 0 22682 640.08 152.4
11259137 383885 3.71295e+06 10363.2 150.469 249.506 0 22682 640.08 152.4
11259138 425801 3.71902e+06 10972.8 45 254.65 0 22682 640.08 152.4
11259136 412544 3.69947e+06 30899.1 3.13269e-11 61.7333 0 22683 640.08 152.4
11259137 383669 3.71307e+06 10363.2 150.469 249.506 0 22683 640.08 152.4
11259138 425983 3.7192e+06 10972.8 45 254.65 0 22683 640.08 152.4
11259136 412608 3.69947e+06 30899.1 3.13269e-11 61.7333 0 22684 640.08 152.4
11259137 383453 3.71319e+06 10363.2 150.469 249.506 0 22684 640.08 152.4
11259138 426166 3.71938e+06 10972.8 45 254.65 0 22684 640.08 152.4
11259136 412671 3.69946e+06 30899.1 3.13269e-11 61.7333 0 22685 640.08 152.4
11259137 383238 3.71332e+06 10363.2 150.469 249.506 0 22685 640.08 152.4
11259138 426348 3.71956e+06 10972.8 45 254.65 0 22685 640.08 152.4
11259136 412735 3.69946e+06 30899.1 3.13269e-11 61.7333 0 22686 640.08 152.4
11259137 383024 3.71344e+06 10363.2 150.469 249.506 0 22686 640.08 152.4
11259138 426530 3.71973e+06 10972.8 45 254.65 0 22686 640.08 152.4
11259136 412799 3.69946e+06 30899.1 3.13269e-11 61.7333 0 22687 640.08 152.4
11259137 382808 3.71357e+06 10363.2 150.469 249.506 0 22687 640.08 152.4
11259138 426713 3.71991e+06 10972.8 45 254.65 0 22687 640.08 152.4
11259136 412863 3.69946e+06 30899.1 3.13269e-11 61.7333 0 22688 640.08 152.4
11259137 382593 3.71369e+06 10363.2 150.469 249.506 0 22688 640.08 152.4
11259138 426896 3.72009e+06 10972.8 45 254.65 0 22688 640.08 152.4
11259136 412927 3.69946e+06 30899.1 3.13269e-11 61.7333 0 22689 640.08 152.4
11259137 382377 3.71381e+06 10363.2 150.469 249.506 0 22689 640.08 152.4
11259138 427078 3.72026e+06 10972.8 45 254.65 0 22689 640.08 152.4
11259136 412991 3.69946e+06 30899.1 3.13269e-11 61.7333 0 22690 640.08 152.4
11259137 382162 3.71394e+06 10363.2 150.469 249.506 0 22690 640.08 152.4
11259136 413054 3.69946e+06 30899.1 3.13269e-11 61.7333 0 22691 640.08 152.4
11259137 381948 3.71406e+06 10363.2 150.469 249.506 0 22691 640.08 152.4
11259138 427443 3.72062e+06 10972.8 45 254.65 0 22691 640.08 152.4
11259136 413118 3.69946e+06 30899.1 3.13269e-11 61.7333 0 22692 640.08 152.4
11259137 381732 3.71419e+06 10363.2 150.469 249.506 0 22692 640.08 152.4
11259138 427626 3.72079e+06 10972.8 45 254.65 0 22692 640.08 152.4
11259136 413182 3.69946e+06 30899.1 3.13269e-11 61.7333 0 22693 640.08 152.4
11259138 427808 3.72097e+06 10972.8 45 254.65 0 22693 640.08 152.4
11259136 413246 3.69946e+06 30899.1 3.13269e-11 61.7333 0 22694 640.08 152.4
11259137 381301 3.71443e+06 10363.2 150.469 249.506 0 22694 640.08 152.4
11259138 427991 3.72115e+06 10972.8 45 254.65 0 22694 640.08 152.4
11259136 413310 3.69946e+06 30899.1 3.13269e-11 61.7333 0 22695 640.08 152.4
11259137 381086 3.71456e+06 10363.2 150.469 249.506 0 22695 640.08 152.4
11259138 428173 3.72133e+06 10972.8 45 254.65 0 22695 640.08 152.4
11259136 413374 3.69946e+06 30899.1 3.13269e-11 61.7333 0 22696 640.08 152.4
11259137 380872 3.71468e+06 10363.2 150.469 249.506 0 22696 640.08 152.4
11259138 428356 3.7215e+06 10972.8 45 254.65 0 22696 640.08 152.4
11259136 413437 3.69946e+06 30899.1 3.13269e-11 61.7333 0 22697 640.08 152.4
11259137 380656 3.71481e+06 10363.2 150.469 249.506 0 22697 640.08 152.4
11259138 428538 3.72168e+06 10972.8 45 254.65 0 22697 640.08 152.4
11259136 413565 3.69946e+06 30899.1 3.13269e-11 61.7333 0 22699 640.08 152.4
11259137 380225 3.71505e+06 10363.2 150.469 249.506 0 22699 640.08 152.4
11259138 428903 3.72203e+06 10972.8 45 254.65 0 22699 640.08 152.4
11259136 413629 3.69946e+06 30899.1 3.13269e-11 61.7333 0 22700 640.08 152.4
11259137 380010 3.71518e+06 10363.2 150.469 249.506 0 22700 640.08 152.4
11259138 429085 3.72221e+06 10972.8 45 254.65 0 22700 640.08 152.4
11259136 413693 3.69946e+06 30899.1 3.13269e-11 61.7333 0 22701 640.08 152.4
11259138 429268 3.72239e+06 10972.8 45 254.65 0 22701 640.08 152.4
11259136 413757 3.69946e+06 30899.1 3.13269e-11 61.7333 0 22702 640.08 152.4
11259137 379580 3.71543e+06 10363.2 150.469 249.506 0 22702 640.08 152.4
11259138 429450 3.72257e+06 10972.8 45 254.65 0 22702 640.08 152.4
11259136 413820 3.69945e+06 30899.1 3.13269e-11 61.7333 0 22703 640.08 152.4
11259137 379365 3.71555e+06 10363.2 150.469 249.506 0 22703 640.08 152.4
11259138 429632 3.72274e+06 10972.8 45 254.65 0 22703 640.08 152.4
11259136 413884 3.69945e+06 30899.1 3.13269e-11 61.7333 0 22704 640.08 152.4
11259137 379149 3.71567e+06 10363.2 150.469 249.506 0 22704 640.08 152.4
11259136 413948 3.69945e+06 30899.1 3.13269e-11 61.7333 0 22705 640.08 152.4
11259137 378934 3.7158e+06 10363.2 150.469 249.506 0 22705 640.08 152.4
11259138 429997 3.7231e+06 10972.8 45 254.65 0 22705 640.08 152.4
11259136 414012 3.69945e+06 30899.1 3.13269e-11 61.7333 0 22706 640.08 152.4
11259137 378720 3.71592e+06 10363.2 150.469 249.506 0 22706 640.08 152.4
11259138 430179 3.72327e+06 10972.8 45 254.65 0 22706 640.08 152.4
11259136 414076 3.69945e+06 30899.1 3.13269e-11 61.7333 0 22707 640.08 152.4
11259137 378504 3.71605e+06 10363.2 150.469 249.506 0 22707 640.08 152.4
11259138 430362 3.72345e+06 10972.8 45 254.65 0 22707 640.08 152.4
11259136 414140 3.69945e+06 30899.1 3.13269e-11 61.7333 0 22708 640.08 152.4
11259137 378289 3.71617e+06 10363.2 150.469 249.506 0 22708 640.08 152.4
11259138 430544 3.72363e+06 10972.8 45 254.65 0 22708 640.08 152.4
11259136 414203 3.69945e+06 30899.1 3.13269e-11 61.7333 0 22709 640.08 152.4
11259137 378073 3.71629e+06 10363.2 150.469 249.506 0 22709 640.08 152.4
11259138 430727 3.72381e+06 10972.8 45 254.65 0 22709 640.08 152.4
11259136 414267 3.69945e+06 30899.1 3.13269e-11 61.7333 0 22710 640.08 152.4
11259137 377858 3.71642e+06 10363.2 150.469 249.506 0 22710 640.08 152.4
11259138 430909 3.72398e+06 10972.8 45 254.65 0 22710 640.08 152.4
11259136 414331 3.69945e+06 30899.1 3.13269e-11 61.7333 0 22711 640.08 152.4
11259137 377645 3.71654e+06 10363.2 150.469 249.506 0 22711 640.08 152.4
11259138 431091 3.72416e+06 10972.8 45 254.65 0 22711 640.08 152.4
11259136 414395 3.69945e+06 30899.1 3.13269e-11 61.7333 0 22712 640.08 152.4
11259137 377429 3.71667e+06 10363.2 150.469 249.506 0 22712 640.08 152.4
11259138 431274 3.72434e+06 10972.8 45 254.65 0 22712 640.08 152.4
11259136 414459 3.69945e+06 30899.1 3.13269e-11 61.7333 0 22713 640.08 152.4
11259137 377214 3.71679e+06 10363.2 150.469 249.506 0 22713 640.08 152.4
11259138 431456 3.72451e+06 10972.8 45 254.65 0 22713 640.08 152.4
11259136 414523 3.69945e+06 30899.1 3.13269e-11 61.7333 0 22714 640.08 152.4
11259137 376998 3.71691e+06 10363.2 150.469 249.506 0 22714 640.08 152.4
11259138 431639 3.72469e+06 10972.8 45 254.65 0 22714 640.08 152.4
11259136 414586 3.69945e+06 30899.1 3.13269e-11 61.7333 0 22715 640.08 152.4
11259137 376783 3.71704e+06 10363.2 150.469 249.506 0 22715 640.08 152.4
11259138 431821 3.72487e+06 10972.8 45 254.65 0 22715 640.08 152.4
11259136 414650 3.69945e+06 30899.1 3.13269e-11 61.7333 0 22716 640.08 152.4
11259137 376569 3.71716e+06 10363.2 150.469 249.506 0 22716 640.08 152.4
11259138 432003 3.72505e+06 10972.8 45 254.65 0 22716 640.08 152.4
11259136 414714 3.69945e+06 30899.1 3.13269e-11 61.7333 0 22717 640.08 152.4
11259137 376353 3.71729e+06 10363.2 150.469 249.506 0 22717 640.08 152.4
11259138 432185 3.72522e+06 10972.8 45 254.65 0 22717 640.08 152.4
11259136 414778 3.69945e+06 30899.1 3.13269e-11 61.7333 0 22718 640.08 152.4
11259137 376138 3.71741e+06 10363.2 150.469 249.506 0 22718 640.08 152.4
11259138 432367 3.7254e+06 10972.8 45 254.65 0 22718 640.08 152.4
11259136 414842 3.69945e+06 30899.1 3.13269e-11 61.7333 0 22719 640.08 152.4
11259137 375922 3.71754e+06 10363.2 150.469 249.506 0 22719 640.08 152.4
11259138 432550 3.72558e+06 10972.8 45 254.65 0 22719 640.08 152.4
11259136 414906 3.69945e+06 30899.1 3.13269e-11 61.7333 0 22720 640.08 152.4
11259137 375707 3.71766e+06 10363.2 150.469 249.506 0 22720 640.08 152.4
11259138 432732 3.72575e+06 10972.8 45 254.65 0 22720 640.08 152.4
11259136 414969 3.69944e+06 30899.1 3.13269e-11 61.7333 0 22721 640.08 152.4
11259137 375494 3.71778e+06 10363.2 150.469 249.506 0 22721 640.08 152.4
11259138 432914 3.72593e+06 10972.8 45 254.65 0 22721 640.08 152.4
11259136 415033 3.69944e+06 30899.1 3.13269e-11 61.7333 0 22722 640.08 152.4
11259137 375278 3.71791e+06 10363.2 150.469 249.506 0 22722 640.08 152.4
11259138 433096 3.72611e+06 10972.8 45 254.65 0 22722 640.08 152.4
11259136 415097 3.69944e+06 30899.1 3.13269e-11 61.7333 0 22723 640.08 152.4
11259137 375063 3.71803e+06 10363.2 150.469 249.506 0 22723 640.08 152.4
11259138 433279 3.72629e+06 10972.8 45 254.65 0 22723 640.08 152.4
11259136 415161 3.69944e+06 30899.1 3.13269e-11 61.7333 0 22724 640.08 152.4
11259137 374847 3.71816e+06 10363.2 150.469 249.506 0 22724 640.08 152.4
11259138 433461 3.72646e+06 10972.8 45 254.65 0 22724 640.08 152.4
11259136 415225 3.69944e+06 30899.1 3.13269e-11 61.7333 0 22725 640.08 152.4
11259137 374632 3.71828e+06 10363.2 150.469 249.506 0 22725 640.08 152.4
11259138 433643 3.72664e+06 10972.8 45 254.65 0 22725 640.08 152.4
11259136 415289 3.69944e+06 30899.1 3.13269e-11 61.7333 0 22726 640.08 152.4
11259137 374418 3.7184e+06 10363.2 150.469 249.506 0 22726 640.08 152.4
11259138 433826 3.72682e+06 10972.8 45 254.65 0 22726 640.08 152.4
11259136 415352 3.69944e+06 30899.1 3.13269e-11 61.7333 0 22727 640.08 152.4
11259137 374203 3.71853e+06 10363.2 150.469 249.506 0 22727 640.08 152.4
11259138 434008 3.72699e+06 10972.8 45 254.65 0 22727 640.08 152.4
11259136 415416 3.69944e+06 30899.1 3.13269e-11 61.7333 0 22728 640.08 152.4
11259137 373988 3.71865e+06 10363.2 150.469 249.506 0 22728 640.08 152.4
11259138 434190 3.72717e+06 10972.8 45 254.65 0 22728 640.08 152.4
11259136 415480 3.69944e+06 30899.1 3.13269e-11 61.7333 0 22729 640.08 152.4
11259137 373772 3.71878e+06 10363.2 150.469 249.506 0 22729 640.08 152.4
11259138 434372 3.72735e+06 10972.8 45 254.65 0 22729 640.08 152.4
11259136 415544 3.69944e+06 30899.1 3.13269e-11 61.7333 0 22730 640.08 152.4
11259137 373557 3.7189e+06 10363.2 150.469 249.506 0 22730 640.08 152.4
11259138 434555 3.72753e+06 10972.8 45 254.65 0 22730 640.08 152.4
11259136 415608 3.69944e+06 30899.1 3.13269e-11 61.7333 0 22731 640.08 152.4
11259137 373343 3.71903e+06 10363.2 150.469 249.506 0 22731 640.08 152.4
11259138 434737 3.7277e+06 10972.8 45 254.65 0 22731 640.08 152.4
11259136 415672 3.69944e+06 30899.1 3.13269e-11 61.7333 0 22732 640.08 152.4
11259137 373127 3.71915e+06 10363.2 150.469 249.506 0 22732 640.08 152.4
11259138 434919 3.72788e+06 10972.8 45 254.65 0 22732 640.08 152.4
11259136 415735 3.69944e+06 30899.1 3.13269e-11 61.7333 0 22733 640.08 152.4
11259137 372912 3.71927e+06 10363.2 150.469 249.506 0 22733 640.08 152.4
11259138 435101 3.72806e+06 10972.8 45 254.65 0 22733 640.08 152.4
11259136 415799 3.69944e+06 30899.1 3.13269e-11 61.7333 0 22734 640.08 152.4
11259137 372697 3.7194e+06 10363.2 150.469 249.506 0 22734 640.08 152.4
11259138 435283 3.72823e+06 10972.8 45 254.65 0 22734 640.08 152.4
11259136 415863 3.69944e+06 30899.1 3.13269e-11 61.7333 0 22736 640.08 152.4
11259137 372482 3.71952e+06 10363.2 150.469 249.506 0 22736 640.08 152.4
11259138 435465 3.72841e+06 10972.8 45 254.65 0 22736 640.08 152.4
11259136 415927 3.69944e+06 30899.1 3.13269e-11 61.7333 0 22737 640.08 152.4
11259137 372268 3.71965e+06 10363.2 150.469 249.506 0 22737 640.08 152.4
11259138 435647 3.72859e+06 10972.8 45 254.65 0 22737 640.08 152.4
11259136 415991 3.69944e+06 30899.1 3.13269e-11 61.7333 0 22738 640.08 152.4
11259137 372052 3.71977e+06 10363.2 150.469 249.506 0 22738 640.08 152.4
11259138 435830 3.72877e+06 10972.8 45 254.65 0 22738 640.08 152.4
11259136 416055 3.69944e+06 30899.1 3.13269e-11 61.7333 0 22739 640.08 152.4
11259137 371837 3.7199e+06 10363.2 150.469 249.506 0 22739 640.08 152.4
11259138 436012 3.72894e+06 10972.8 45 254.65 0 22739 640.08 152.4
11259136 416118 3.69943e+06 30899.1 3.13269e-11 61.7333 0 22740 640.08 152.4
11259137 371622 3.72002e+06 10363.2 150.469 249.506 0 22740 640.08 152.4
11259138 436194 3.72912e+06 10972.8 45 254.65 0 22740 640.08 152.4
11259136 416182 3.69943e+06 30899.1 3.13269e-11 61.7333 0 22741 640.08 152.4
11259137 371407 3.72014e+06 10363.2 150.469 249.506 0 22741 640.08 152.4
11259138 436376 3.7293e+06 10972.8 45 254.65 0 22741 640.08 152.4
11259136 416246 3.69943e+06 30899.1 3.13269e-11 61.7333 0 22742 640.08 152.4
11259137 371193 3.72027e+06 10363.2 150.469 249.506 0 22742 640.08 152.4
11259138 436558 3.72948e+06 10972.8 45 254.65 0 22742 640.08 152.4
11259136 416310 3.69943e+06 30899.1 3.13269e-11 61.7333 0 22743 640.08 152.4
11259137 370978 3.72039e+06 10363.2 150.469 249.506 0 22743 640.08 152.4
11259138 436741 3.72965e+06 10972.8 45 254.65 0 22743 640.08 152.4
11259136 416374 3.69943e+06 30899.1 3.13269e-11 61.7333 0 22744 640.08 152.4
11259137 370763 3.72052e+06 10363.2 150.469 249.506 0 22744 640.08 152.4
11259138 436923 3.72983e+06 10972.8 45 254.65 0 22744 640.08 152.4
11259136 416438 3.69943e+06 30899.1 3.13269e-11 61.7333 0 22745 640.08 152.4
11259137 370547 3.72064e+06 10363.2 150.469 249.506 0 22745 640.08 152.4
11259138 437105 3.73001e+06 10972.8 45 254.65 0 22745 640.08 152.4
11259136 416501 3.69943e+06 30899.1 3.13269e-11 61.7333 0 22746 640.08 152.4
11259137 370332 3.72076e+06 10363.2 150.469 249.506 0 22746 640.08 152.4
11259138 437287 3.73018e+06 10972.8 45 254.65 0 22746 640.08 152.4
11259136 416565 3.69943e+06 30899.1 3.13269e-11 61.7333 0 22747 640.08 152.4
11259137 370119 3.72089e+06 10363.2 150.469 249.506 0 22747 640.08 152.4
11259138 437469 3.73036e+06 10972.8 45 254.65 0 22747 640.08 152.4
11259136 416629 3.69943e+06 30899.1 3.13269e-11 61.7333 0 22748 640.08 152.4
11259137 369903 3.72101e+06 10363.2 150.469 249.506 0 22748 640.08 152.4
11259138 437651 3.73054e+06 10972.8 45 254.65 0 22748 640.08 152.4
11259136 416693 3.69943e+06 30899.1 3.13269e-11 61.7333 0 22749 640.08 152.4
11259137 369688 3.72114e+06 10363.2 150.469 249.506 0 22749 640.08 152.4
11259138 437833 3.73072e+06 10972.8 45 254.65 0 22749 640.08 152.4
11259136 416757 3.69943e+06 30899.1 3.13269e-11 61.7333 0 22750 640.08 152.4
11259137 369472 3.72126e+06 10363.2 150.469 249.506 0 22750 640.08 152.4
11259138 438015 3.73089e+06 10972.8 45 254.65 0 22750 640.08 152.4
11259136 416821 3.69943e+06 30899.1 3.13269e-11 61.7333 0 22751 640.08 152.4
11259137 369257 3.72139e+06 10363.2 150.469 249.506 0 22751 640.08 152.4
11259138 438197 3.73107e+06 10972.8 45 254.65 0 22751 640.08 152.4
11259136 416884 3.69943e+06 30899.1 3.13269e-11 61.7333 0 22752 640.08 152.4
11259137 369044 3.72151e+06 10363.2 150.469 249.506 0 22752 640.08 152.4
11259138 438379 3.73125e+06 10972.8 45 254.65 0 22752 640.08 152.4
11259136 416948 3.69943e+06 30899.1 3.13269e-11 61.7333 0 22753 640.08 152.4
11259137 368828 3.72163e+06 10363.2 150.469 249.506 0 22753 640.08 152.4
11259138 438561 3.73143e+06 10972.8 45 254.65 0 22753 640.08 152.4
11259136 417012 3.69943e+06 30899.1 3.13269e-11 61.7333 0 22754 640.08 152.4
11259137 368613 3.72176e+06 10363.2 150.469 249.506 0 22754 640.08 152.4
11259138 438743 3.7316e+06 10972.8 45 254.65 0 22754 640.08 152.4
11259136 417076 3.69943e+06 30899.1 3.13269e-11 61.7333 0 22755 640.08 152.4
11259137 368398 3.72188e+06 10363.2 150.469 249.506 0 22755 640.08 152.4
11259138 438925 3.73178e+06 10972.8 45 254.65 0 22755 640.08 152.4
11259136 417140 3.69943e+06 30899.1 3.13269e-11 61.7333 0 22756 640.08 152.4
11259137 368183 3.72201e+06 10363.2 150.469 249.506 0 22756 640.08 152.4
11259138 439108 3.73196e+06 10972.8 45 254.65 0 22756 640.08 152.4
11259136 417204 3.69943e+06 30899.1 3.13269e-11 61.7333 0 22757 640.08 152.4
11259137 367969 3.72213e+06 10363.2 150.469 249.506 0 22757 640.08 152.4
11259138 439290 3.73213e+06 10972.8 45 254.65 0 22757 640.08 152.4
11259136 417267 3.69942e+06 30899.1 3.13269e-11 61.7333 0 22758 640.08 152.4
11259137 367754 3.72226e+06 10363.2 150.469 249.506 0 22758 640.08 152.4
11259138 439472 3.73231e+06 10972.8 45 254.65 0 22758 640.08 152.4
11259136 417331 3.69942e+06 30899.1 3.13269e-11 61.7333 0 22759 640.08 152.4
11259137 367539 3.72238e+06 10363.2 150.469 249.506 0 22759 640.08 152.4
11259136 417395 3.69942e+06 30899.1 3.13269e-11 61.7333 0 22760 640.08 152.4
11259137 367323 3.72251e+06 10363.2 150.469 249.506 0 22760 640.08 152.4
11259138 439836 3.73267e+06 10972.8 45 254.65 0 22760 640.08 152.4
11259136 417459 3.69942e+06 30899.1 3.13269e-11 61.7333 0 22761 640.08 152.4
11259137 367109 3.72263e+06 10363.2 150.469 249.506 0 22761 640.08 152.4
11259138 440018 3.73284e+06 10972.8 45 254.65 0 22761 640.08 152.4
11259136 417523 3.69942e+06 30899.1 3.13269e-11 61.7333 0 22762 640.08 152.4
11259137 366895 3.72275e+06 10363.2 150.469 249.506 0 22762 640.08 152.4
11259138 440200 3.73302e+06 10972.8 45 254.65 0 22762 640.08 152.4
11259136 417587 3.69942e+06 30899.1 3.13269e-11 61.7333 0 22763 640.08 152.4
11259137 366680 3.72288e+06 10363.2 150.469 249.506 0 22763 640.08 152.4
11259138 440382 3.7332e+06 10972.8 45 254.65 0 22763 640.08 152.4
11259136 417650 3.69942e+06 30899.1 3.13269e-11 61.7333 0 22764 640.08 152.4
11259137 366465 3.723e+06 10363.2 150.469 249.506 0 22764 640.08 152.4
11259138 440564 3.73338e+06 10972.8 45 254.65 0 22764 640.08 152.4
11259136 417714 3.69942e+06 30899.1 3.13269e-11 61.7333 0 22765 640.08 152.4
11259137 366249 3.72313e+06 10363.2 150.469 249.506 0 22765 640.08 152.4
11259138 440746 3.73355e+06 10972.8 45 254.65 0 22765 640.08 152.4
11259136 417778 3.69942e+06 30899.1 3.13269e-11 61.7333 0 22766 640.08 152.4
11259137 366034 3.72325e+06 10363.2 150.469 249.506 0 22766 640.08 152.4
11259138 440928 3.73373e+06 10972.8 45 254.65 0 22766 640.08 152.4
11259136 417842 3.69942e+06 30899.1 3.13269e-11 61.7333 0 22767 640.08 152.4
11259137 365821 3.72338e+06 10363.2 150.469 249.506 0 22767 640.08 152.4
11259138 441109 3.73391e+06 10972.8 45 254.65 0 22767 640.08 152.4
11259136 417906 3.69942e+06 30899.1 3.13269e-11 61.7333 0 22768 640.08 152.4
11259137 365605 3.7235e+06 10363.2 150.469 249.506 0 22768 640.08 152.4
11259138 441291 3.73408e+06 10972.8 45 254.65 0 22768 640.08 152.4
11259136 417970 3.69942e+06 30899.1 3.13269e-11 61.7333 0 22769 640.08 152.4
11259137 365391 3.72362e+06 10363.2 150.469 249.506 0 22769 640.08 152.4
11259138 441473 3.73426e+06 10972.8 45 254.65 0 22769 640.08 152.4
11259136 418033 3.69942e+06 30899.1 3.13269e-11 61.7333 0 22770 640.08 152.4
11259137 365175 3.72375e+06 10363.2 150.469 249.506 0 22770 640.08 152.4
11259138 441655 3.73444e+06 10972.8 45 254.65 0 22770 640.08 152.4
11259136 418097 3.69942e+06 30899.1 3.13269e-11 61.7333 0 22771 640.08 152.4
11259137 364960 3.72387e+06 10363.2 150.469 249.506 0 22771 640.08 152.4
11259138 441837 3.73462e+06 10972.8 45 254.65 0 22771 640.08 152.4
11259136 418161 3.69942e+06 30899.1 3.13269e-11 61.7333 0 22772 640.08 152.4
11259137 364747 3.724e+06 10363.2 150.469 249.506 0 22772 640.08 152.4
11259138 442019 3.73479e+06 10972.8 45 254.65 0 22772 640.08 152.4
11259136 418225 3.69942e+06 30899.1 3.13269e-11 61.7333 0 22773 640.08 152.4
11259138 442201 3.73497e+06 10972.8 45 254.65 0 22773 640.08 152.4
11259136 418289 3.69942e+06 30899.1 3.13269e-11 61.7333 0 22774 640.08 152.4
11259137 364317 3.72425e+06 10363.2 150.469 249.506 0 22774 640.08 152.4
11259138 442383 3.73515e+06 10972.8 45 254.65 0 22774 640.08 152.4
11259136 418353 3.69942e+06 30899.1 3.13269e-11 61.7333 0 22775 640.08 152.4
11259137 364101 3.72437e+06 10363.2 150.469 249.506 0 22775 640.08 152.4
11259138 442565 3.73533e+06 10972.8 45 254.65 0 22775 640.08 152.4
11259136 418416 3.69941e+06 30899.1 3.13269e-11 61.7333 0 22776 640.08 152.4
11259137 363886 3.7245e+06 10363.2 150.469 249.506 0 22776 640.08 152.4
11259138 442747 3.7355e+06 10972.8 45 254.65 0 22776 640.08 152.4
11259136 418480 3.69941e+06 30899.1 3.13269e-11 61.7333 0 22777 640.08 152.4
11259137 363673 3.72462e+06 10363.2 150.469 249.506 0 22777 640.08 152.4
11259138 442929 3.73568e+06 10972.8 45 254.65 0 22777 640.08 152.4
11259136 418544 3.69941e+06 30899.1 3.13269e-11 61.7333 0 22778 640.08 152.4
11259138 443111 3.73586e+06 10972.8 45 254.65 0 22778 640.08 152.4
11259136 418608 3.69941e+06 30899.1 3.13269e-11 61.7333 0 22779 640.08 152.4
11259137 363243 3.72487e+06 10363.2 150.469 249.506 0 22779 640.08 152.4
11259138 443293 3.73604e+06 10972.8 45 254.65 0 22779 640.08 152.4
11259136 418672 3.69941e+06 30899.1 3.13269e-11 61.7333 0 22780 640.08 152.4
11259137 363027 3.72499e+06 10363.2 150.469 249.506 0 22780 640.08 152.4
11259138 443475 3.73621e+06 10972.8 45 254.65 0 22780 640.08 152.4
11259136 418736 3.69941e+06 30899.1 3.13269e-11 61.7333 0 22781 640.08 152.4
11259137 362813 3.72512e+06 10363.2 150.469 249.506 0 22781 640.08 152.4
11259138 443657 3.73639e+06 10972.8 45 254.65 0 22781 640.08 152.4
11259136 418799 3.69941e+06 30899.1 3.13269e-11 61.7333 0 22782 640.08 152.4
11259137 362599 3.72524e+06 10363.2 150.469 249.506 0 22782 640.08 152.4
11259138 443838 3.73657e+06 10972.8 45 254.65 0 22782 640.08 152.4
11259136 418863 3.69941e+06 30899.1 3.13269e-11 61.7333 0 22783 640.08 152.4
11259137 362384 3.72537e+06 10363.2 150.469 249.506 0 22783 640.08 152.4
11259138 444020 3.73674e+06 10972.8 45 254.65 0 22783 640.08 152.4
11259136 418927 3.69941e+06 30899.1 3.13269e-11 61.7333 0 22784 640.08 152.4
11259137 362169 3.72549e+06 10363.2 150.469 249.506 0 22784 640.08 152.4
11259138 444202 3.73692e+06 10972.8 45 254.65 0 22784 640.08 152.4
11259136 418991 3.69941e+06 30899.1 3.13269e-11 61.7333 0 22785 640.08 152.4
11259137 361954 3.72562e+06 10363.2 150.469 249.506 0 22785 640.08 152.4
11259138 444384 3.7371e+06 10972.8 45 254.65 0 22785 640.08 152.4
11259136 419055 3.69941e+06 30899.1 3.13269e-11 61.7333 0 22786 640.08 152.4
11259137 361739 3.72574e+06 10363.2 150.469 249.506 0 22786 640.08 152.4
11259138 444566 3.73728e+06 10972.8 45 254.65 0 22786 640.08 152.4
11259136 419119 3.69941e+06 30899.1 3.13269e-11 61.7333 0 22787 640.08 152.4
11259137 361526 3.72586e+06 10363.2 150.469 249.506 0 22787 640.08 152.4
11259138 444748 3.73745e+06 10972.8 45 254.65 0 22787 640.08 152.4
11259136 419182 3.69941e+06 30899.1 3.13269e-11 61.7333 0 22788 640.08 152.4
11259137 361310 3.72599e+06 10363.2 150.469 249.506 0 22788 640.08 152.4
11259138 444929 3.73763e+06 10972.8 45 254.65 0 22788 640.08 152.4
11259137 361095 3.72611e+06 10363.2 150.469 249.506 0 22789 640.08 152.4
11259138 445111 3.73781e+06 10972.8 45 254.65 0 22789 640.08 152.4
11259136 419310 3.69941e+06 30899.1 3.13269e-11 61.7333 0 22790 640.08 152.4
11259137 360880 3.72624e+06 10363.2 150.469 249.506 0 22790 640.08 152.4
11259138 445293 3.73799e+06 10972.8 45 254.65 0 22790 640.08 152.4
11259136 419374 3.69941e+06 30899.1 3.13269e-11 61.7333 0 22791 640.08 152.4
11259137 360665 3.72636e+06 10363.2 150.469 249.506 0 22791 640.08 152.4
11259138 445475 3.73816e+06 10972.8 45 254.65 0 22791 640.08 152.4
11259136 419438 3.69941e+06 30899.1 3.13269e-11 61.7333 0 22792 640.08 152.4
11259137 360452 3.72649e+06 10363.2 150.469 249.506 0 22792 640.08 152.4
11259138 445657 3.73834e+06 10972.8 45 254.65 0 22792 640.08 152.4
11259137 360237 3.72661e+06 10363.2 150.469 249.506 0 22793 640.08 152.4
11259138 445839 3.73852e+06 10972.8 45 254.65 0 22793 640.08 152.4
11259136 419565 3.69941e+06 30899.1 3.13269e-11 61.7333 0 22794 640.08 152.4
11259137 360022 3.72674e+06 10363.2 150.469 249.506 0 22794 640.08 152.4
11259138 446020 3.7387e+06 10972.8 45 254.65 0 22794 640.08 152.4
