11259136 432587 3.69931e+06 30899.1 3.13269e-11 61.7333 0 15857 640.08 152.4
11259137 316262 3.75224e+06 10363.2 150.469 249.506 0 15857 640.08 152.4
11259138 483114 3.77496e+06 10972.8 45 254.65 0 15857 640.08 152.4
11259136 432779 3.6993e+06 30899.1 3.13269e-11 61.7333 0 15860 640.08 152.4
11259137 315620 3.75262e+06 10363.2 150.469 249.506 0 15860 640.08 152.4
11259138 483659 3.77549e+06 10972.8 45 254.65 0 15860 640.08 152.4
11259136 432842 3.6993e+06 30899.1 3.13269e-11 61.7333 0 15861 640.08 152.4
11259137 315406 3.75274e+06 10363.2 150.469 249.506 0 15861 640.08 152.4
11259138 483839 3.77567e+06 10972.8 45 254.65 0 15861 640.08 152.4
11259136 432906 3.6993e+06 30899.1 3.13269e-11 61.7333 0 15862 640.08 152.4
11259137 315192 3.75287e+06 10363.2 150.469 249.506 0 15862 640.08 152.4
11259138 484020 3.77585e+06 10972.8 45 254.65 0 15862 640.08 152.4
11259136 432970 3.6993e+06 30899.1 3.13269e-11 61.7333 0 15863 640.08 152.4
11259137 314978 3.753e+06 10363.2 150.469 249.506 0 15863 640.08 152.4
11259138 484200 3.77603e+06 10972.8 45 254.65 0 15863 640.08 152.4
11259136 433034 3.6993e+06 30899.1 3.13269e-11 61.7333 0 15864 640.08 152.4
11259137 314765 3.75312e+06 10363.2 150.469 249.506 0 15864 640.08 152.4
11259138 484383 3.77621e+06 10972.8 45 254.65 0 15864 640.08 152.4
11259136 433098 3.6993e+06 30899.1 3.13269e-11 61.7333 0 15865 640.08 152.4
11259137 314550 3.75325e+06 10363.2 150.469 249.506 0 15865 640.08 152.4
11259138 484565 3.77638e+06 10972.8 45 254.65 0 15865 640.08 152.4
11259136 433162 3.6993e+06 30899.1 3.13269e-11 61.7333 0 15866 640.08 152.4
11259137 314337 3.75337e+06 10363.2 150.469 249.506 0 15866 640.08 152.4
11259138 484747 3.77656e+06 10972.8 45 254.65 0 15866 640.08 152.4
11259136 433225 3.6993e+06 30899.1 3.13269e-11 61.7333 0 15867 640.08 152.4
11259137 314123 3.7535e+06 10363.2 150.469 249.506 0 15867 640.08 152.4
11259138 484927 3.77674e+06 10972.8 45 254.65 0 15867 640.08 152.4
11259136 433289 3.6993e+06 30899.1 3.13269e-11 61.7333 0 15868 640.08 152.4
11259137 313909 3.75362e+06 10363.2 150.469 249.506 0 15868 640.08 152.4
11259138 485108 3.77692e+06 10972.8 45 254.65 0 15868 640.08 152.4
11259136 433353 3.6993e+06 30899.1 3.13269e-11 61.7333 0 15869 640.08 152.4
11259137 313695 3.75375e+06 10363.2 150.469 249.506 0 15869 640.08 152.4
11259138 485288 3.7771e+06 10972.8 45 254.65 0 15869 640.08 152.4
11259136 433417 3.6993e+06 30899.1 3.13269e-11 61.7333 0 15870 640.08 152.4
11259137 313481 3.75387e+06 10363.2 150.469 249.506 0 15870 640.08 152.4
11259138 485469 3.77728e+06 10972.8 45 254.65 0 15870 640.08 152.4
11259136 433481 3.6993e+06 30899.1 3.13269e-11 61.7333 0 15871 640.08 152.4
11259137 313267 3.754e+06 10363.2 150.469 249.506 0 15871 640.08 152.4
11259138 485651 3.77745e+06 10972.8 45 254.65 0 15871 640.08 152.4
11259136 433545 3.6993e+06 30899.1 3.13269e-11 61.7333 0 15872 640.08 152.4
11259137 313053 3.75413e+06 10363.2 150.469 249.506 0 15872 640.08 152.4
11259138 485833 3.77763e+06 10972.8 45 254.65 0 15872 640.08 152.4
11259136 433608 3.6993e+06 30899.1 3.13269e-11 61.7333 0 15873 640.08 152.4
11259137 312840 3.75425e+06 10363.2 150.469 249.506 0 15873 640.08 152.4
11259138 486015 3.77781e+06 10972.8 45 254.65 0 15873 640.08 152.4
11259136 433672 3.6993e+06 30899.1 3.13269e-11 61.7333 0 15874 640.08 152.4
11259137 312626 3.75438e+06 10363.2 150.469 249.506 0 15874 640.08 152.4
