11259136 439672 3.69926e+06 30899.1 3.13269e-11 61.7333 0 17261 640.08 152.4
11259137 292513 3.76621e+06 10363.2 150.469 249.506 0 17261 640.08 152.4
11259138 503284 3.79475e+06 10972.8 45 254.65 0 17261 640.08 152.4
11259136 439736 3.69926e+06 30899.1 3.13269e-11 61.7333 0 17262 640.08 152.4
11259137 292297 3.76634e+06 10363.2 150.469 249.506 0 17262 640.08 152.4
11259138 503466 3.79493e+06 10972.8 45 254.65 0 17262 640.08 152.4
11259136 439800 3.69926e+06 30899.1 3.13269e-11 61.7333 0 17263 640.08 152.4
11259137 292084 3.76646e+06 10363.2 150.469 249.506 0 17263 640.08 152.4
11259138 503647 3.79511e+06 10972.8 45 254.65 0 17263 640.08 152.4
11259136 439864 3.69926e+06 30899.1 3.13269e-11 61.7333 0 17264 640.08 152.4
11259137 291869 3.76659e+06 10363.2 150.469 249.506 0 17264 640.08 152.4
11259138 503828 3.79529e+06 10972.8 45 254.65 0 17264 640.08 152.4
11259136 439928 3.69926e+06 30899.1 3.13269e-11 61.7333 0 17265 640.08 152.4
11259137 291656 3.76671e+06 10363.2 150.469 249.506 0 17265 640.08 152.4
11259138 504010 3.79547e+06 10972.8 45 254.65 0 17265 640.08 152.4
11259136 439992 3.69926e+06 30899.1 3.13269e-11 61.7333 0 17266 640.08 152.4
11259137 291442 3.76684e+06 10363.2 150.469 249.506 0 17266 640.08 152.4
11259136 440055 3.69926e+06 30899.1 3.13269e-11 61.7333 0 17267 640.08 152.4
11259137 291229 3.76697e+06 10363.2 150.469 249.506 0 17267 640.08 152.4
11259138 504374 3.79582e+06 10972.8 45 254.65 0 17267 640.08 152.4
11259136 440119 3.69926e+06 30899.1 3.13269e-11 61.7333 0 17268 640.08 152.4
11259137 291014 3.76709e+06 10363.2 150.469 249.506 0 17268 640.08 152.4
11259138 504555 3.796e+06 10972.8 45 254.65 0 17268 640.08 152.4
11259136 440183 3.69926e+06 30899.1 3.13269e-11 61.7333 0 17269 640.08 152.4
11259137 290801 3.76722e+06 10363.2 150.469 249.506 0 17269 640.08 152.4
11259138 504736 3.79618e+06 10972.8 45 254.65 0 17269 640.08 152.4
11259136 440247 3.69926e+06 30899.1 3.13269e-11 61.7333 0 17270 640.08 152.4
11259137 290587 3.76735e+06 10363.2 150.469 249.506 0 17270 640.08 152.4
11259138 504918 3.79636e+06 10972.8 45 254.65 0 17270 640.08 152.4
11259136 440311 3.69925e+06 30899.1 3.13269e-11 61.7333 0 17271 640.08 152.4
11259137 290373 3.76747e+06 10363.2 150.469 249.506 0 17271 640.08 152.4
11259138 505099 3.79654e+06 10972.8 45 254.65 0 17271 640.08 152.4
