11259136 414778 3.69945e+06 30899.1 3.13269e-11 61.7333 0 16195 640.08 152.4
11259137 376138 3.71741e+06 10363.2 150.469 249.506 0 16195 640.08 152.4
11259138 432367 3.7254e+06 10972.8 45 254.65 0 16195 640.08 152.4
11259136 414842 3.69945e+06 30899.1 3.13269e-11 61.7333 0 16196 640.08 152.4
11259137 375922 3.71754e+06 10363.2 150.469 249.506 0 16196 640.08 152.4
11259138 432550 3.72558e+06 10972.8 45 254.65 0 16196 640.08 152.4
11259136 414906 3.69945e+06 30899.1 3.13269e-11 61.7333 0 16197 640.08 152.4
11259137 375707 3.71766e+06 10363.2 150.469 249.506 0 16197 640.08 152.4
11259138 432732 3.72575e+06 10972.8 45 254.65 0 16197 640.08 152.4
11259136 414969 3.69944e+06 30899.1 3.13269e-11 61.7333 0 16198 640.08 152.4
11259137 375494 3.71778e+06 10363.2 150.469 249.506 0 16198 640.08 152.4
11259138 432914 3.72593e+06 10972.8 45 254.65 0 16198 640.08 152.4
11259137 375278 3.71791e+06 10363.2 150.469 249.506 0 16199 640.08 152.4
11259138 433096 3.72611e+06 10972.8 45 254.65 0 16199 640.08 152.4
11259136 415097 3.69944e+06 30899.1 3.13269e-11 61.7333 0 16200 640.08 152.4
11259137 375063 3.71803e+06 10363.2 150.469 249.506 0 16200 640.08 152.4
11259138 433279 3.72629e+06 10972.8 45 254.65 0 16200 640.08 152.4
11259136 415161 3.69944e+06 30899.1 3.13269e-11 61.7333 0 16201 640.08 152.4
11259137 374847 3.71816e+06 10363.2 150.469 249.506 0 16201 640.08 152.4
11259138 433461 3.72646e+06 10972.8 45 254.65 0 16201 640.08 152.4
11259136 415225 3.69944e+06 30899.1 3.13269e-11 61.7333 0 16202 640.08 152.4
11259137 374632 3.71828e+06 10363.2 150.469 249.506 0 16202 640.08 152.4
11259138 433643 3.72664e+06 10972.8 45 254.65 0 16202 640.08 152.4
11259136 415289 3.69944e+06 30899.1 3.13269e-11 61.7333 0 16203 640.08 152.4
11259137 374418 3.7184e+06 10363.2 150.469 249.506 0 16203 640.08 152.4
11259138 433826 3.72682e+06 10972.8 45 254.65 0 16203 640.08 152.4
11259136 415352 3.69944e+06 30899.1 3.13269e-11 61.7333 0 16204 640.08 152.4
11259137 374203 3.71853e+06 10363.2 150.469 249.506 0 16204 640.08 152.4
11259138 434008 3.72699e+06 10972.8 45 254.65 0 16204 640.08 152.4
11259136 415416 3.69944e+06 30899.1 3.13269e-11 61.7333 0 16205 640.08 152.4
11259137 373988 3.71865e+06 10363.2 150.469 249.506 0 16205 640.08 152.4
11259138 434190 3.72717e+06 10972.8 45 254.65 0 16205 640.08 152.4
11259136 415480 3.69944e+06 30899.1 3.13269e-11 61.7333 0 16206 640.08 152.4
11259137 373772 3.71878e+06 10363.2 150.469 249.506 0 16206 640.08 152.4
11259138 434372 3.72735e+06 10972.8 45 254.65 0 16206 640.08 152.4
11259136 415544 3.69944e+06 30899.1 3.13269e-11 61.7333 0 16207 640.08 152.4
11259137 373557 3.7189e+06 10363.2 150.469 249.506 0 16207 640.08 152.4
11259138 434555 3.72753e+06 10972.8 45 254.65 0 16207 640.08 152.4
11259136 415608 3.69944e+06 30899.1 3.13269e-11 61.7333 0 16208 640.08 152.4
11259137 373343 3.71903e+06 10363.2 150.469 249.506 0 16208 640.08 152.4
11259138 434737 3.7277e+06 10972.8 45 254.65 0 16208 640.08 152.4
11259136 415672 3.69944e+06 30899.1 3.13269e-11 61.7333 0 16209 640.08 152.4
11259137 373127 3.71915e+06 10363.2 150.469 249.506 0 16209 640.08 152.4
11259138 434919 3.72788e+06 10972.8 45 254.65 0 16209 640.08 152.4
11259136 415735 3.69944e+06 30899.1 3.13269e-11 61.7333 0 16210 640.08 152.4
11259137 372912 3.71927e+06 10363.2 150.469 249.506 0 16210 640.08 152.4
11259138 435101 3.72806e+06 10972.8 45 254.65 0 16210 640.08 152.4
11259136 415799 3.69944e+06 30899.1 3.13269e-11 61.7333 0 16211 640.08 152.4
11259137 372697 3.7194e+06 10363.2 150.469 249.506 0 16211 640.08 152.4
11259138 435283 3.72823e+06 10972.8 45 254.65 0 16211 640.08 152.4
11259136 415863 3.69944e+06 30899.1 3.13269e-11 61.7333 0 16212 640.08 152.4
11259137 372482 3.71952e+06 10363.2 150.469 249.506 0 16212 640.08 152.4
11259138 435465 3.72841e+06 10972.8 45 254.65 0 16212 640.08 152.4
11259136 415927 3.69944e+06 30899.1 3.13269e-11 61.7333 0 16214 640.08 152.4
11259137 372268 3.71965e+06 10363.2 150.469 249.506 0 16214 640.08 152.4
11259138 435647 3.72859e+06 10972.8 45 254.65 0 16214 640.08 152.4
11259136 415991 3.69944e+06 30899.1 3.13269e-11 61.7333 0 16215 640.08 152.4
11259137 372052 3.71977e+06 10363.2 150.469 249.506 0 16215 640.08 152.4
11259138 435830 3.72877e+06 10972.8 45 254.65 0 16215 640.08 152.4
11259136 416055 3.69944e+06 30899.1 3.13269e-11 61.7333 0 16216 640.08 152.4
11259137 371837 3.7199e+06 10363.2 150.469 249.506 0 16216 640.08 152.4
11259138 436012 3.72894e+06 10972.8 45 254.65 0 16216 640.08 152.4
11259136 416118 3.69943e+06 30899.1 3.13269e-11 61.7333 0 16217 640.08 152.4
11259137 371622 3.72002e+06 10363.2 150.469 249.506 0 16217 640.08 152.4
11259138 436194 3.72912e+06 10972.8 45 254.65 0 16217 640.08 152.4
11259136 416182 3.69943e+06 30899.1 3.13269e-11 61.7333 0 16218 640.08 152.4
11259137 371407 3.72014e+06 10363.2 150.469 249.506 0 16218 640.08 152.4
11259138 436376 3.7293e+06 10972.8 45 254.65 0 16218 640.08 152.4
11259136 416246 3.69943e+06 30899.1 3.13269e-11 61.7333 0 16219 640.08 152.4
11259137 371193 3.72027e+06 10363.2 150.469 249.506 0 16219 640.08 152.4
11259138 436558 3.72948e+06 10972.8 45 254.65 0 16219 640.08 152.4
11259136 416310 3.69943e+06 30899.1 3.13269e-11 61.7333 0 16220 640.08 152.4
11259137 370978 3.72039e+06 10363.2 150.469 249.506 0 16220 640.08 152.4
11259138 436741 3.72965e+06 10972.8 45 254.65 0 16220 640.08 152.4
11259136 416374 3.69943e+06 30899.1 3.13269e-11 61.7333 0 16221 640.08 152.4
11259137 370763 3.72052e+06 10363.2 150.469 249.506 0 16221 640.08 152.4
11259138 436923 3.72983e+06 10972.8 45 254.65 0 16221 640.08 152.4
11259136 416438 3.69943e+06 30899.1 3.13269e-11 61.7333 0 16222 640.08 152.4
11259137 370547 3.72064e+06 10363.2 150.469 249.506 0 16222 640.08 152.4
11259138 437105 3.73001e+06 10972.8 45 254.65 0 16222 640.08 152.4
11259136 416501 3.69943e+06 30899.1 3.13269e-11 61.7333 0 16223 640.08 152.4
11259137 370332 3.72076e+06 10363.2 150.469 249.506 0 16223 640.08 152.4
11259138 437287 3.73018e+06 10972.8 45 254.65 0 16223 640.08 152.4
11259136 416565 3.69943e+06 30899.1 3.13269e-11 61.7333 0 16224 640.08 152.4
11259137 370119 3.72089e+06 10363.2 150.469 249.506 0 16224 640.08 152.4
11259138 437469 3.73036e+06 10972.8 45 254.65 0 16224 640.08 152.4
11259136 416629 3.69943e+06 30899.1 3.13269e-11 61.7333 0 16225 640.08 152.4
11259137 369903 3.72101e+06 10363.2 150.469 249.506 0 16225 640.08 152.4
11259138 437651 3.73054e+06 10972.8 45 254.65 0 16225 640.08 152.4
11259136 416693 3.69943e+06 30899.1 3.13269e-11 61.7333 0 16226 640.08 152.4
11259137 369688 3.72114e+06 10363.2 150.469 249.506 0 16226 640.08 152.4
11259138 437833 3.73072e+06 10972.8 45 254.65 0 16226 640.08 152.4
11259136 416884 3.69943e+06 30899.1 3.13269e-11 61.7333 0 16229 640.08 152.4
11259137 369044 3.72151e+06 10363.2 150.469 249.506 0 16229 640.08 152.4
11259138 438379 3.73125e+06 10972.8 45 254.65 0 16229 640.08 152.4
11259136 416948 3.69943e+06 30899.1 3.13269e-11 61.7333 0 16230 640.08 152.4
11259137 368828 3.72163e+06 10363.2 150.469 249.506 0 16230 640.08 152.4
11259138 438561 3.73143e+06 10972.8 45 254.65 0 16230 640.08 152.4
11259136 417012 3.69943e+06 30899.1 3.13269e-11 61.7333 0 16231 640.08 152.4
11259137 368613 3.72176e+06 10363.2 150.469 249.506 0 16231 640.08 152.4
11259138 438743 3.7316e+06 10972.8 45 254.65 0 16231 640.08 152.4
11259136 417076 3.69943e+06 30899.1 3.13269e-11 61.7333 0 16232 640.08 152.4
11259137 368398 3.72188e+06 10363.2 150.469 249.506 0 16232 640.08 152.4
11259138 438925 3.73178e+06 10972.8 45 254.65 0 16232 640.08 152.4
11259136 417140 3.69943e+06 30899.1 3.13269e-11 61.7333 0 16233 640.08 152.4
11259137 368183 3.72201e+06 10363.2 150.469 249.506 0 16233 640.08 152.4
11259138 439108 3.73196e+06 10972.8 45 254.65 0 16233 640.08 152.4
11259137 367969 3.72213e+06 10363.2 150.469 249.506 0 16234 640.08 152.4
11259138 439290 3.73213e+06 10972.8 45 254.65 0 16234 640.08 152.4
11259136 417267 3.69942e+06 30899.1 3.13269e-11 61.7333 0 16235 640.08 152.4
11259137 367754 3.72226e+06 10363.2 150.469 249.506 0 16235 640.08 152.4
11259138 439472 3.73231e+06 10972.8 45 254.65 0 16235 640.08 152.4
11259136 417331 3.69942e+06 30899.1 3.13269e-11 61.7333 0 16236 640.08 152.4
11259137 367539 3.72238e+06 10363.2 150.469 249.506 0 16236 640.08 152.4
11259136 417395 3.69942e+06 30899.1 3.13269e-11 61.7333 0 16237 640.08 152.4
11259137 367323 3.72251e+06 10363.2 150.469 249.506 0 16237 640.08 152.4
11259138 439836 3.73267e+06 10972.8 45 254.65 0 16237 640.08 152.4
11259136 417459 3.69942e+06 30899.1 3.13269e-11 61.7333 0 16238 640.08 152.4
11259137 367109 3.72263e+06 10363.2 150.469 249.506 0 16238 640.08 152.4
11259138 440018 3.73284e+06 10972.8 45 254.65 0 16238 640.08 152.4
11259136 417523 3.69942e+06 30899.1 3.13269e-11 61.7333 0 16239 640.08 152.4
11259137 366895 3.72275e+06 10363.2 150.469 249.506 0 16239 640.08 152.4
11259138 440200 3.73302e+06 10972.8 45 254.65 0 16239 640.08 152.4
11259136 417587 3.69942e+06 30899.1 3.13269e-11 61.7333 0 16240 640.08 152.4
11259138 440382 3.7332e+06 10972.8 45 254.65 0 16240 640.08 152.4
11259136 417650 3.69942e+06 30899.1 3.13269e-11 61.7333 0 16241 640.08 152.4
11259137 366465 3.723e+06 10363.2 150.469 249.506 0 16241 640.08 152.4
11259138 440564 3.73338e+06 10972.8 45 254.65 0 16241 640.08 152.4
11259137 366249 3.72313e+06 10363.2 150.469 249.506 0 16242 640.08 152.4
11259138 440746 3.73355e+06 10972.8 45 254.65 0 16242 640.08 152.4
11259136 417778 3.69942e+06 30899.1 3.13269e-11 61.7333 0 16243 640.08 152.4
11259137 366034 3.72325e+06 10363.2 150.469 249.506 0 16243 640.08 152.4
11259138 440928 3.73373e+06 10972.8 45 254.65 0 16243 640.08 152.4
11259136 417842 3.69942e+06 30899.1 3.13269e-11 61.7333 0 16244 640.08 152.4
11259137 365821 3.72338e+06 10363.2 150.469 249.506 0 16244 640.08 152.4
11259138 441109 3.73391e+06 10972.8 45 254.65 0 16244 640.08 152.4
11259136 417906 3.69942e+06 30899.1 3.13269e-11 61.7333 0 16245 640.08 152.4
11259137 365605 3.7235e+06 10363.2 150.469 249.506 0 16245 640.08 152.4
11259138 441291 3.73408e+06 10972.8 45 254.65 0 16245 640.08 152.4
11259136 417970 3.69942e+06 30899.1 3.13269e-11 61.7333 0 16246 640.08 152.4
11259137 365391 3.72362e+06 10363.2 150.469 249.506 0 16246 640.08 152.4
11259138 441473 3.73426e+06 10972.8 45 254.65 0 16246 640.08 152.4
11259136 418033 3.69942e+06 30899.1 3.13269e-11 61.7333 0 16247 640.08 152.4
11259137 365175 3.72375e+06 10363.2 150.469 249.506 0 16247 640.08 152.4
11259138 441655 3.73444e+06 10972.8 45 254.65 0 16247 640.08 152.4
11259136 418097 3.69942e+06 30899.1 3.13269e-11 61.7333 0 16248 640.08 152.4
11259137 364960 3.72387e+06 10363.2 150.469 249.506 0 16248 640.08 152.4
11259138 441837 3.73462e+06 10972.8 45 254.65 0 16248 640.08 152.4
11259136 418161 3.69942e+06 30899.1 3.13269e-11 61.7333 0 16249 640.08 152.4
11259137 364747 3.724e+06 10363.2 150.469 249.506 0 16249 640.08 152.4
11259138 442019 3.73479e+06 10972.8 45 254.65 0 16249 640.08 152.4
11259136 418225 3.69942e+06 30899.1 3.13269e-11 61.7333 0 16250 640.08 152.4
11259138 442201 3.73497e+06 10972.8 45 254.65 0 16250 640.08 152.4
11259136 418289 3.69942e+06 30899.1 3.13269e-11 61.7333 0 16251 640.08 152.4
11259137 364317 3.72425e+06 10363.2 150.469 249.506 0 16251 640.08 152.4
11259138 442383 3.73515e+06 10972.8 45 254.65 0 16251 640.08 152.4
11259136 418353 3.69942e+06 30899.1 3.13269e-11 61.7333 0 16252 640.08 152.4
11259137 364101 3.72437e+06 10363.2 150.469 249.506 0 16252 640.08 152.4
11259138 442565 3.73533e+06 10972.8 45 254.65 0 16252 640.08 152.4
11259136 418416 3.69941e+06 30899.1 3.13269e-11 61.7333 0 16253 640.08 152.4
11259137 363886 3.7245e+06 10363.2 150.469 249.506 0 16253 640.08 152.4
11259138 442747 3.7355e+06 10972.8 45 254.65 0 16253 640.08 152.4
11259136 418480 3.69941e+06 30899.1 3.13269e-11 61.7333 0 16254 640.08 152.4
11259137 363673 3.72462e+06 10363.2 150.469 249.506 0 16254 640.08 152.4
11259138 442929 3.73568e+06 10972.8 45 254.65 0 16254 640.08 152.4
11259136 418544 3.69941e+06 30899.1 3.13269e-11 61.7333 0 16255 640.08 152.4
11259138 443111 3.73586e+06 10972.8 45 254.65 0 16255 640.08 152.4
11259136 418608 3.69941e+06 30899.1 3.13269e-11 61.7333 0 16256 640.08 152.4
11259137 363243 3.72487e+06 10363.2 150.469 249.506 0 16256 640.08 152.4
11259138 443293 3.73604e+06 10972.8 45 254.65 0 16256 640.08 152.4
11259136 418672 3.69941e+06 30899.1 3.13269e-11 61.7333 0 16257 640.08 152.4
11259137 363027 3.72499e+06 10363.2 150.469 249.506 0 16257 640.08 152.4
11259138 443475 3.73621e+06 10972.8 45 254.65 0 16257 640.08 152.4
11259136 418736 3.69941e+06 30899.1 3.13269e-11 61.7333 0 16258 640.08 152.4
11259137 362813 3.72512e+06 10363.2 150.469 249.506 0 16258 640.08 152.4
11259138 443657 3.73639e+06 10972.8 45 254.65 0 16258 640.08 152.4
11259136 418799 3.69941e+06 30899.1 3.13269e-11 61.7333 0 16259 640.08 152.4
11259137 362599 3.72524e+06 10363.2 150.469 249.506 0 16259 640.08 152.4
11259138 443838 3.73657e+06 10972.8 45 254.65 0 16259 640.08 152.4
11259136 418863 3.69941e+06 30899.1 3.13269e-11 61.7333 0 16260 640.08 152.4
11259137 362384 3.72537e+06 10363.2 150.469 249.506 0 16260 640.08 152.4
11259138 444020 3.73674e+06 10972.8 45 254.65 0 16260 640.08 152.4
11259136 418927 3.69941e+06 30899.1 3.13269e-11 61.7333 0 16261 640.08 152.4
11259137 362169 3.72549e+06 10363.2 150.469 249.506 0 16261 640.08 152.4
11259138 444202 3.73692e+06 10972.8 45 254.65 0 16261 640.08 152.4
11259136 418991 3.69941e+06 30899.1 3.13269e-11 61.7333 0 16262 640.08 152.4
11259137 361954 3.72562e+06 10363.2 150.469 249.506 0 16262 640.08 152.4
11259138 444384 3.7371e+06 10972.8 45 254.65 0 16262 640.08 152.4
11259136 419055 3.69941e+06 30899.1 3.13269e-11 61.7333 0 16263 640.08 152.4
11259137 361739 3.72574e+06 10363.2 150.469 249.506 0 16263 640.08 152.4
11259138 444566 3.73728e+06 10972.8 45 254.65 0 16263 640.08 152.4
11259136 419119 3.69941e+06 30899.1 3.13269e-11 61.7333 0 16264 640.08 152.4
11259137 361526 3.72586e+06 10363.2 150.469 249.506 0 16264 640.08 152.4
11259138 444748 3.73745e+06 10972.8 45 254.65 0 16264 640.08 152.4
11259136 419182 3.69941e+06 30899.1 3.13269e-11 61.7333 0 16265 640.08 152.4
11259137 361310 3.72599e+06 10363.2 150.469 249.506 0 16265 640.08 152.4
11259138 444929 3.73763e+06 10972.8 45 254.65 0 16265 640.08 152.4
11259136 419246 3.69941e+06 30899.1 3.13269e-11 61.7333 0 16266 640.08 152.4
11259137 361095 3.72611e+06 10363.2 150.469 249.506 0 16266 640.08 152.4
11259138 445111 3.73781e+06 10972.8 45 254.65 0 16266 640.08 152.4
11259136 419310 3.69941e+06 30899.1 3.13269e-11 61.7333 0 16267 640.08 152.4
11259137 360880 3.72624e+06 10363.2 150.469 249.506 0 16267 640.08 152.4
11259138 445293 3.73799e+06 10972.8 45 254.65 0 16267 640.08 152.4
11259136 419374 3.69941e+06 30899.1 3.13269e-11 61.7333 0 16268 640.08 152.4
11259137 360665 3.72636e+06 10363.2 150.469 249.506 0 16268 640.08 152.4
11259138 445475 3.73816e+06 10972.8 45 254.65 0 16268 640.08 152.4
11259136 419438 3.69941e+06 30899.1 3.13269e-11 61.7333 0 16269 640.08 152.4
11259137 360452 3.72649e+06 10363.2 150.469 249.506 0 16269 640.08 152.4
11259138 445657 3.73834e+06 10972.8 45 254.65 0 16269 640.08 152.4
11259136 419502 3.69941e+06 30899.1 3.13269e-11 61.7333 0 16270 640.08 152.4
11259137 360237 3.72661e+06 10363.2 150.469 249.506 0 16270 640.08 152.4
11259138 445839 3.73852e+06 10972.8 45 254.65 0 16270 640.08 152.4
11259137 360022 3.72674e+06 10363.2 150.469 249.506 0 16271 640.08 152.4
11259138 446020 3.7387e+06 10972.8 45 254.65 0 16271 640.08 152.4
11259136 419629 3.6994e+06 30899.1 3.13269e-11 61.7333 0 16272 640.08 152.4
11259137 359807 3.72686e+06 10363.2 150.469 249.506 0 16272 640.08 152.4
11259138 446202 3.73887e+06 10972.8 45 254.65 0 16272 640.08 152.4
11259136 419693 3.6994e+06 30899.1 3.13269e-11 61.7333 0 16273 640.08 152.4
11259137 359592 3.72698e+06 10363.2 150.469 249.506 0 16273 640.08 152.4
11259138 446384 3.73905e+06 10972.8 45 254.65 0 16273 640.08 152.4
11259136 419757 3.6994e+06 30899.1 3.13269e-11 61.7333 0 16274 640.08 152.4
11259137 359379 3.72711e+06 10363.2 150.469 249.506 0 16274 640.08 152.4
11259138 446566 3.73923e+06 10972.8 45 254.65 0 16274 640.08 152.4
11259136 419821 3.6994e+06 30899.1 3.13269e-11 61.7333 0 16275 640.08 152.4
11259137 359163 3.72723e+06 10363.2 150.469 249.506 0 16275 640.08 152.4
11259138 446748 3.73941e+06 10972.8 45 254.65 0 16275 640.08 152.4
11259136 419885 3.6994e+06 30899.1 3.13269e-11 61.7333 0 16276 640.08 152.4
11259137 358949 3.72736e+06 10363.2 150.469 249.506 0 16276 640.08 152.4
11259138 446929 3.73958e+06 10972.8 45 254.65 0 16276 640.08 152.4
11259136 419948 3.6994e+06 30899.1 3.13269e-11 61.7333 0 16277 640.08 152.4
11259137 358733 3.72748e+06 10363.2 150.469 249.506 0 16277 640.08 152.4
11259138 447111 3.73976e+06 10972.8 45 254.65 0 16277 640.08 152.4
11259136 420012 3.6994e+06 30899.1 3.13269e-11 61.7333 0 16278 640.08 152.4
11259137 358519 3.72761e+06 10363.2 150.469 249.506 0 16278 640.08 152.4
11259138 447292 3.73994e+06 10972.8 45 254.65 0 16278 640.08 152.4
11259136 420076 3.6994e+06 30899.1 3.13269e-11 61.7333 0 16279 640.08 152.4
11259137 358303 3.72773e+06 10363.2 150.469 249.506 0 16279 640.08 152.4
11259138 447474 3.74012e+06 10972.8 45 254.65 0 16279 640.08 152.4
11259136 420140 3.6994e+06 30899.1 3.13269e-11 61.7333 0 16280 640.08 152.4
11259137 358088 3.72786e+06 10363.2 150.469 249.506 0 16280 640.08 152.4
11259138 447656 3.74029e+06 10972.8 45 254.65 0 16280 640.08 152.4
11259136 420204 3.6994e+06 30899.1 3.13269e-11 61.7333 0 16281 640.08 152.4
11259137 357873 3.72798e+06 10363.2 150.469 249.506 0 16281 640.08 152.4
11259138 447838 3.74047e+06 10972.8 45 254.65 0 16281 640.08 152.4
11259136 420268 3.6994e+06 30899.1 3.13269e-11 61.7333 0 16282 640.08 152.4
11259137 357658 3.72811e+06 10363.2 150.469 249.506 0 16282 640.08 152.4
11259138 448020 3.74065e+06 10972.8 45 254.65 0 16282 640.08 152.4
11259136 420331 3.6994e+06 30899.1 3.13269e-11 61.7333 0 16283 640.08 152.4
11259137 357443 3.72823e+06 10363.2 150.469 249.506 0 16283 640.08 152.4
11259138 448201 3.74083e+06 10972.8 45 254.65 0 16283 640.08 152.4
11259136 420395 3.6994e+06 30899.1 3.13269e-11 61.7333 0 16284 640.08 152.4
11259137 357228 3.72835e+06 10363.2 150.469 249.506 0 16284 640.08 152.4
11259138 448383 3.741e+06 10972.8 45 254.65 0 16284 640.08 152.4
11259136 420459 3.6994e+06 30899.1 3.13269e-11 61.7333 0 16285 640.08 152.4
11259137 357014 3.72848e+06 10363.2 150.469 249.506 0 16285 640.08 152.4
11259138 448565 3.74118e+06 10972.8 45 254.65 0 16285 640.08 152.4
11259136 420523 3.6994e+06 30899.1 3.13269e-11 61.7333 0 16287 640.08 152.4
11259137 356798 3.7286e+06 10363.2 150.469 249.506 0 16287 640.08 152.4
11259138 448746 3.74136e+06 10972.8 45 254.65 0 16287 640.08 152.4
11259136 420587 3.6994e+06 30899.1 3.13269e-11 61.7333 0 16288 640.08 152.4
11259137 356583 3.72873e+06 10363.2 150.469 249.506 0 16288 640.08 152.4
11259138 448928 3.74154e+06 10972.8 45 254.65 0 16288 640.08 152.4
11259136 420651 3.6994e+06 30899.1 3.13269e-11 61.7333 0 16289 640.08 152.4
11259137 356368 3.72885e+06 10363.2 150.469 249.506 0 16289 640.08 152.4
11259136 420714 3.6994e+06 30899.1 3.13269e-11 61.7333 0 16290 640.08 152.4
11259137 356153 3.72898e+06 10363.2 150.469 249.506 0 16290 640.08 152.4
11259138 449292 3.74189e+06 10972.8 45 254.65 0 16290 640.08 152.4
11259136 420778 3.6994e+06 30899.1 3.13269e-11 61.7333 0 16291 640.08 152.4
11259137 355938 3.7291e+06 10363.2 150.469 249.506 0 16291 640.08 152.4
11259138 449473 3.74207e+06 10972.8 45 254.65 0 16291 640.08 152.4
11259136 420842 3.69939e+06 30899.1 3.13269e-11 61.7333 0 16292 640.08 152.4
11259137 355723 3.72923e+06 10363.2 150.469 249.506 0 16292 640.08 152.4
11259138 449654 3.74224e+06 10972.8 45 254.65 0 16292 640.08 152.4
11259136 420906 3.69939e+06 30899.1 3.13269e-11 61.7333 0 16293 640.08 152.4
11259137 355509 3.72935e+06 10363.2 150.469 249.506 0 16293 640.08 152.4
11259138 449836 3.74242e+06 10972.8 45 254.65 0 16293 640.08 152.4
11259136 420970 3.69939e+06 30899.1 3.13269e-11 61.7333 0 16294 640.08 152.4
11259137 355293 3.72948e+06 10363.2 150.469 249.506 0 16294 640.08 152.4
11259138 450018 3.7426e+06 10972.8 45 254.65 0 16294 640.08 152.4
11259136 421034 3.69939e+06 30899.1 3.13269e-11 61.7333 0 16295 640.08 152.4
11259137 355078 3.7296e+06 10363.2 150.469 249.506 0 16295 640.08 152.4
11259138 450199 3.74278e+06 10972.8 45 254.65 0 16295 640.08 152.4
11259136 421097 3.69939e+06 30899.1 3.13269e-11 61.7333 0 16296 640.08 152.4
11259137 354864 3.72973e+06 10363.2 150.469 249.506 0 16296 640.08 152.4
11259138 450381 3.74296e+06 10972.8 45 254.65 0 16296 640.08 152.4
11259136 421161 3.69939e+06 30899.1 3.13269e-11 61.7333 0 16297 640.08 152.4
11259137 354648 3.72985e+06 10363.2 150.469 249.506 0 16297 640.08 152.4
11259138 450563 3.74313e+06 10972.8 45 254.65 0 16297 640.08 152.4
11259136 421225 3.69939e+06 30899.1 3.13269e-11 61.7333 0 16298 640.08 152.4
11259137 354434 3.72997e+06 10363.2 150.469 249.506 0 16298 640.08 152.4
11259138 450744 3.74331e+06 10972.8 45 254.65 0 16298 640.08 152.4
11259136 421289 3.69939e+06 30899.1 3.13269e-11 61.7333 0 16299 640.08 152.4
11259137 354218 3.7301e+06 10363.2 150.469 249.506 0 16299 640.08 152.4
11259138 450926 3.74349e+06 10972.8 45 254.65 0 16299 640.08 152.4
11259136 421353 3.69939e+06 30899.1 3.13269e-11 61.7333 0 16300 640.08 152.4
11259137 354004 3.73022e+06 10363.2 150.469 249.506 0 16300 640.08 152.4
11259138 451108 3.74366e+06 10972.8 45 254.65 0 16300 640.08 152.4
11259136 421416 3.69939e+06 30899.1 3.13269e-11 61.7333 0 16301 640.08 152.4
11259137 353789 3.73035e+06 10363.2 150.469 249.506 0 16301 640.08 152.4
11259138 451291 3.74384e+06 10972.8 45 254.65 0 16301 640.08 152.4
11259136 421480 3.69939e+06 30899.1 3.13269e-11 61.7333 0 16302 640.08 152.4
11259137 353574 3.73047e+06 10363.2 150.469 249.506 0 16302 640.08 152.4
11259138 451475 3.74402e+06 10972.8 45 254.65 0 16302 640.08 152.4
11259136 421544 3.69939e+06 30899.1 3.13269e-11 61.7333 0 16303 640.08 152.4
11259137 353359 3.7306e+06 10363.2 150.469 249.506 0 16303 640.08 152.4
11259138 451658 3.7442e+06 10972.8 45 254.65 0 16303 640.08 152.4
11259136 421608 3.69939e+06 30899.1 3.13269e-11 61.7333 0 16304 640.08 152.4
11259137 353144 3.73072e+06 10363.2 150.469 249.506 0 16304 640.08 152.4
11259138 451840 3.74438e+06 10972.8 45 254.65 0 16304 640.08 152.4
11259136 421672 3.69939e+06 30899.1 3.13269e-11 61.7333 0 16305 640.08 152.4
11259137 352929 3.73085e+06 10363.2 150.469 249.506 0 16305 640.08 152.4
11259138 452021 3.74455e+06 10972.8 45 254.65 0 16305 640.08 152.4
11259137 352714 3.73097e+06 10363.2 150.469 249.506 0 16306 640.08 152.4
11259138 452203 3.74473e+06 10972.8 45 254.65 0 16306 640.08 152.4
11259137 352500 3.7311e+06 10363.2 150.469 249.506 0 16307 640.08 152.4
11259138 452385 3.74491e+06 10972.8 45 254.65 0 16307 640.08 152.4
11259136 421863 3.69939e+06 30899.1 3.13269e-11 61.7333 0 16308 640.08 152.4
11259137 352284 3.73122e+06 10363.2 150.469 249.506 0 16308 640.08 152.4
11259138 452568 3.74509e+06 10972.8 45 254.65 0 16308 640.08 152.4
11259136 421927 3.69939e+06 30899.1 3.13269e-11 61.7333 0 16309 640.08 152.4
11259137 352070 3.73135e+06 10363.2 150.469 249.506 0 16309 640.08 152.4
11259138 452752 3.74526e+06 10972.8 45 254.65 0 16309 640.08 152.4
11259136 421991 3.69939e+06 30899.1 3.13269e-11 61.7333 0 16310 640.08 152.4
11259137 351855 3.73147e+06 10363.2 150.469 249.506 0 16310 640.08 152.4
11259138 452935 3.74544e+06 10972.8 45 254.65 0 16310 640.08 152.4
11259136 422055 3.69938e+06 30899.1 3.13269e-11 61.7333 0 16311 640.08 152.4
11259137 351640 3.7316e+06 10363.2 150.469 249.506 0 16311 640.08 152.4
11259138 453117 3.74562e+06 10972.8 45 254.65 0 16311 640.08 152.4
11259136 422119 3.69938e+06 30899.1 3.13269e-11 61.7333 0 16312 640.08 152.4
11259137 351425 3.73172e+06 10363.2 150.469 249.506 0 16312 640.08 152.4
11259138 453298 3.7458e+06 10972.8 45 254.65 0 16312 640.08 152.4
11259136 422182 3.69938e+06 30899.1 3.13269e-11 61.7333 0 16313 640.08 152.4
11259137 351210 3.73185e+06 10363.2 150.469 249.506 0 16313 640.08 152.4
11259138 453480 3.74597e+06 10972.8 45 254.65 0 16313 640.08 152.4
11259136 422246 3.69938e+06 30899.1 3.13269e-11 61.7333 0 16314 640.08 152.4
11259137 350996 3.73197e+06 10363.2 150.469 249.506 0 16314 640.08 152.4
11259138 453661 3.74615e+06 10972.8 45 254.65 0 16314 640.08 152.4
11259136 422310 3.69938e+06 30899.1 3.13269e-11 61.7333 0 16315 640.08 152.4
11259137 350780 3.73209e+06 10363.2 150.469 249.506 0 16315 640.08 152.4
11259138 453845 3.74633e+06 10972.8 45 254.65 0 16315 640.08 152.4
11259136 422374 3.69938e+06 30899.1 3.13269e-11 61.7333 0 16316 640.08 152.4
11259137 350566 3.73222e+06 10363.2 150.469 249.506 0 16316 640.08 152.4
11259138 454029 3.74651e+06 10972.8 45 254.65 0 16316 640.08 152.4
11259136 422438 3.69938e+06 30899.1 3.13269e-11 61.7333 0 16317 640.08 152.4
11259137 350351 3.73234e+06 10363.2 150.469 249.506 0 16317 640.08 152.4
11259138 454211 3.74668e+06 10972.8 45 254.65 0 16317 640.08 152.4
11259136 422502 3.69938e+06 30899.1 3.13269e-11 61.7333 0 16318 640.08 152.4
11259137 350136 3.73247e+06 10363.2 150.469 249.506 0 16318 640.08 152.4
11259138 454393 3.74686e+06 10972.8 45 254.65 0 16318 640.08 152.4
11259136 422565 3.69938e+06 30899.1 3.13269e-11 61.7333 0 16319 640.08 152.4
11259137 349921 3.73259e+06 10363.2 150.469 249.506 0 16319 640.08 152.4
11259138 454575 3.74704e+06 10972.8 45 254.65 0 16319 640.08 152.4
11259136 422629 3.69938e+06 30899.1 3.13269e-11 61.7333 0 16320 640.08 152.4
11259137 349706 3.73272e+06 10363.2 150.469 249.506 0 16320 640.08 152.4
11259138 454756 3.74722e+06 10972.8 45 254.65 0 16320 640.08 152.4
11259136 422693 3.69938e+06 30899.1 3.13269e-11 61.7333 0 16321 640.08 152.4
11259137 349492 3.73284e+06 10363.2 150.469 249.506 0 16321 640.08 152.4
11259138 454938 3.74739e+06 10972.8 45 254.65 0 16321 640.08 152.4
11259136 422757 3.69938e+06 30899.1 3.13269e-11 61.7333 0 16322 640.08 152.4
11259137 349277 3.73297e+06 10363.2 150.469 249.506 0 16322 640.08 152.4
11259138 455121 3.74757e+06 10972.8 45 254.65 0 16322 640.08 152.4
11259136 422821 3.69938e+06 30899.1 3.13269e-11 61.7333 0 16323 640.08 152.4
11259137 349062 3.73309e+06 10363.2 150.469 249.506 0 16323 640.08 152.4
11259138 455305 3.74775e+06 10972.8 45 254.65 0 16323 640.08 152.4
11259136 422885 3.69938e+06 30899.1 3.13269e-11 61.7333 0 16324 640.08 152.4
11259137 348847 3.73322e+06 10363.2 150.469 249.506 0 16324 640.08 152.4
11259138 455488 3.74793e+06 10972.8 45 254.65 0 16324 640.08 152.4
11259136 422948 3.69938e+06 30899.1 3.13269e-11 61.7333 0 16325 640.08 152.4
11259137 348633 3.73334e+06 10363.2 150.469 249.506 0 16325 640.08 152.4
11259138 455669 3.7481e+06 10972.8 45 254.65 0 16325 640.08 152.4
11259136 423012 3.69938e+06 30899.1 3.13269e-11 61.7333 0 16326 640.08 152.4
11259137 348418 3.73347e+06 10363.2 150.469 249.506 0 16326 640.08 152.4
11259138 455851 3.74828e+06 10972.8 45 254.65 0 16326 640.08 152.4
11259136 423076 3.69938e+06 30899.1 3.13269e-11 61.7333 0 16327 640.08 152.4
11259137 348202 3.73359e+06 10363.2 150.469 249.506 0 16327 640.08 152.4
11259138 456032 3.74846e+06 10972.8 45 254.65 0 16327 640.08 152.4
11259136 423140 3.69938e+06 30899.1 3.13269e-11 61.7333 0 16328 640.08 152.4
11259137 347988 3.73372e+06 10363.2 150.469 249.506 0 16328 640.08 152.4
11259138 456214 3.74864e+06 10972.8 45 254.65 0 16328 640.08 152.4
11259136 423204 3.69938e+06 30899.1 3.13269e-11 61.7333 0 16329 640.08 152.4
11259137 347773 3.73384e+06 10363.2 150.469 249.506 0 16329 640.08 152.4
11259138 456397 3.74881e+06 10972.8 45 254.65 0 16329 640.08 152.4
11259136 423268 3.69938e+06 30899.1 3.13269e-11 61.7333 0 16330 640.08 152.4
11259137 347559 3.73397e+06 10363.2 150.469 249.506 0 16330 640.08 152.4
11259138 456581 3.74899e+06 10972.8 45 254.65 0 16330 640.08 152.4
11259136 423331 3.69937e+06 30899.1 3.13269e-11 61.7333 0 16331 640.08 152.4
11259137 347344 3.73409e+06 10363.2 150.469 249.506 0 16331 640.08 152.4
11259138 456763 3.74917e+06 10972.8 45 254.65 0 16331 640.08 152.4
