0 413660 3.69808e+06 30899.1 3.13269e-11 0.514444 -665.846 27542 640.08 152.4
0 413660 3.69808e+06 30899.1 3.13269e-11 0.514444 -665.846 27543 640.08 152.4
0 413658 3.69808e+06 30899.1 3.13269e-11 0.514444 -665.846 27544 640.08 152.4
0 413658 3.69808e+06 30899.1 3.13269e-11 0.514444 -665.846 27545 640.08 152.4
0 413658 3.69809e+06 30899.1 0.0274156 0 -665.846 27546 640.08 152.4
0 413656 3.69809e+06 30899.1 0.0274156 0 -665.846 27547 640.08 152.4
0 413656 3.69809e+06 30899.1 3.13269e-11 0.514444 -665.846 27548 640.08 152.4
0 413656 3.69809e+06 30899.1 3.13269e-11 0.514444 -665.846 27549 640.08 152.4
0 413656 3.69809e+06 30899.1 3.13269e-11 0.514444 -665.846 27550 640.08 152.4
0 413656 3.69809e+06 30899.1 3.13269e-11 0.514444 -665.846 27551 640.08 152.4
0 413658 3.69809e+06 30899.1 3.13269e-11 0.514444 -665.846 27552 640.08 152.4
0 413658 3.69808e+06 30899.1 3.13269e-11 0.514444 -665.846 27553 640.08 152.4
0 413658 3.69808e+06 30899.1 3.13269e-11 0.514444 -665.846 27554 640.08 152.4
0 413660 3.69808e+06 30899.1 -0.0137078 0.514444 -665.846 27557 640.08 152.4
0 413660 3.69808e+06 30899.1 -0.0137078 0.514444 -665.846 27558 640.08 152.4
0 413662 3.69807e+06 30899.1 -0.0137078 0.514444 -665.846 27559 640.08 152.4
0 413662 3.69807e+06 30899.1 -0.0137078 0.514444 -665.846 27560 640.08 152.4
0 413662 3.69807e+06 30899.1 -0.0137078 0.514444 -665.846 27561 640.08 152.4
0 413664 3.69807e+06 30899.1 -0.0137078 0.514444 -665.846 27562 640.08 152.4
0 413664 3.69807e+06 30899.1 -0.0137078 0.514444 -665.846 27563 640.08 152.4
0 413664 3.69807e+06 30899.1 -0.008139 1.02889 -665.846 27564 640.08 152.4
0 413666 3.69806e+06 30899.1 -0.0137078 0.514444 -665.846 27565 640.08 152.4
0 413666 3.69806e+06 30899.1 -0.0137078 0.514444 -665.846 27566 640.08 152.4
0 413666 3.69806e+06 30899.1 -0.0137078 0.514444 -665.846 27567 640.08 152.4
0 413664 3.69806e+06 30899.1 -0.0137078 0.514444 -665.846 27568 640.08 152.4
0 413664 3.69806e+06 30899.1 -0.0137078 0.514444 -665.846 27569 640.08 152.4
0 413664 3.69806e+06 30899.1 -0.0137078 0.514444 -665.846 27570 640.08 152.4
0 413664 3.69806e+06 30899.1 -0.0137078 0.514444 -665.846 27571 640.08 152.4
0 413664 3.69806e+06 30899.1 -0.0137078 0.514444 -665.846 27572 640.08 152.4
0 413664 3.69806e+06 30899.1 -0.0137078 0.514444 -665.846 27573 640.08 152.4
0 413664 3.69806e+06 30899.1 -0.0137078 0.514444 -665.846 27574 640.08 152.4
0 413664 3.69806e+06 30899.1 -0.0137078 0.514444 -665.846 27575 640.08 152.4
0 413666 3.69806e+06 30899.1 -0.0137078 0.514444 -665.846 27576 640.08 152.4
0 413666 3.69806e+06 30899.1 -0.0137078 0.514444 -665.846 27577 640.08 152.4
0 413666 3.69806e+06 30899.1 -0.0137078 0.514444 -665.846 27578 640.08 152.4
0 413666 3.69806e+06 30899.1 -0.0137078 0.514444 -665.846 27579 640.08 152.4
0 413666 3.69806e+06 30899.1 -0.0137078 0.514444 -665.846 27580 640.08 152.4
0 413666 3.69806e+06 30899.1 -0.0137078 0.514444 -665.846 27581 640.08 152.4
0 413666 3.69806e+06 30899.1 3.13269e-11 0.514444 -665.846 27582 640.08 152.4
0 413664 3.69807e+06 30899.1 3.13269e-11 0.514444 -665.846 27583 640.08 152.4
0 413664 3.69807e+06 30899.1 3.13269e-11 0.514444 -665.846 27584 640.08 152.4
0 413664 3.69807e+06 30899.1 3.13269e-11 0.514444 -665.846 27585 640.08 152.4
0 413664 3.69807e+06 30899.1 3.13269e-11 0.514444 -665.846 27586 640.08 152.4
0 413664 3.69807e+06 30899.1 0.0137078 0.514444 -665.846 27587 640.08 152.4
0 413666 3.69808e+06 30899.1 0.0137078 0.514444 -665.846 27588 640.08 152.4
0 413666 3.69808e+06 30899.1 0.0137078 0.514444 -665.846 27589 640.08 152.4
