11259136 410820 3.69948e+06 30899.1 3.13269e-11 61.7333 0 81724 640.08 152.4
11259137 389485 3.70972e+06 10363.2 150.469 249.506 0 81724 640.08 152.4
11259138 421052 3.71442e+06 10972.8 45 254.65 0 81724 640.08 152.4
11259136 410884 3.69948e+06 30899.1 3.13269e-11 61.7333 0 81725 640.08 152.4
11259137 389268 3.70985e+06 10363.2 150.469 249.506 0 81725 640.08 152.4
11259138 421235 3.7146e+06 10972.8 45 254.65 0 81725 640.08 152.4
11259136 410948 3.69948e+06 30899.1 3.13269e-11 61.7333 0 81726 640.08 152.4
11259138 421418 3.71478e+06 10972.8 45 254.65 0 81726 640.08 152.4
11259136 411012 3.69948e+06 30899.1 3.13269e-11 61.7333 0 81727 640.08 152.4
11259137 388837 3.7101e+06 10363.2 150.469 249.506 0 81727 640.08 152.4
11259138 421601 3.71495e+06 10972.8 45 254.65 0 81727 640.08 152.4
11259136 411076 3.69948e+06 30899.1 3.13269e-11 61.7333 0 81728 640.08 152.4
11259137 388622 3.71022e+06 10363.2 150.469 249.506 0 81728 640.08 152.4
11259138 421783 3.71513e+06 10972.8 45 254.65 0 81728 640.08 152.4
11259136 411139 3.69948e+06 30899.1 3.13269e-11 61.7333 0 81729 640.08 152.4
11259137 388408 3.71034e+06 10363.2 150.469 249.506 0 81729 640.08 152.4
11259138 421966 3.71531e+06 10972.8 45 254.65 0 81729 640.08 152.4
11259136 411203 3.69948e+06 30899.1 3.13269e-11 61.7333 0 81730 640.08 152.4
11259137 388191 3.71047e+06 10363.2 150.469 249.506 0 81730 640.08 152.4
11259138 422149 3.71548e+06 10972.8 45 254.65 0 81730 640.08 152.4
11259136 411267 3.69948e+06 30899.1 3.13269e-11 61.7333 0 81731 640.08 152.4
11259137 387976 3.71059e+06 10363.2 150.469 249.506 0 81731 640.08 152.4
11259138 422331 3.71566e+06 10972.8 45 254.65 0 81731 640.08 152.4
11259136 411331 3.69948e+06 30899.1 3.13269e-11 61.7333 0 81732 640.08 152.4
11259137 387760 3.71072e+06 10363.2 150.469 249.506 0 81732 640.08 152.4
11259138 422514 3.71584e+06 10972.8 45 254.65 0 81732 640.08 152.4
11259136 411459 3.69948e+06 30899.1 3.13269e-11 61.7333 0 81735 640.08 152.4
11259137 387331 3.71096e+06 10363.2 150.469 249.506 0 81735 640.08 152.4
11259138 422880 3.71619e+06 10972.8 45 254.65 0 81735 640.08 152.4
11259136 411522 3.69948e+06 30899.1 3.13269e-11 61.7333 0 81735 640.08 152.4
11259137 387115 3.71109e+06 10363.2 150.469 249.506 0 81735 640.08 152.4
11259138 423062 3.71637e+06 10972.8 45 254.65 0 81735 640.08 152.4
11259136 411650 3.69947e+06 30899.1 3.13269e-11 61.7333 0 81737 640.08 152.4
11259137 386683 3.71133e+06 10363.2 150.469 249.506 0 81737 640.08 152.4
11259138 423428 3.71672e+06 10972.8 45 254.65 0 81737 640.08 152.4
11259136 411714 3.69947e+06 30899.1 3.13269e-11 61.7333 0 81738 640.08 152.4
11259137 386468 3.71146e+06 10363.2 150.469 249.506 0 81738 640.08 152.4
11259138 423610 3.7169e+06 10972.8 45 254.65 0 81738 640.08 152.4
11259136 411778 3.69947e+06 30899.1 3.13269e-11 61.7333 0 81739 640.08 152.4
11259137 386254 3.71158e+06 10363.2 150.469 249.506 0 81739 640.08 152.4
11259138 423792 3.71708e+06 10972.8 45 254.65 0 81739 640.08 152.4
11259136 411842 3.69947e+06 30899.1 3.13269e-11 61.7333 0 81740 640.08 152.4
11259137 386038 3.71171e+06 10363.2 150.469 249.506 0 81740 640.08 152.4
11259138 423975 3.71725e+06 10972.8 45 254.65 0 81740 640.08 152.4
11259136 411905 3.69947e+06 30899.1 3.13269e-11 61.7333 0 81741 640.08 152.4
11259137 385822 3.71183e+06 10363.2 150.469 249.506 0 81741 640.08 152.4
11259138 424157 3.71743e+06 10972.8 45 254.65 0 81741 640.08 152.4
11259136 411969 3.69947e+06 30899.1 3.13269e-11 61.7333 0 81742 640.08 152.4
11259137 385606 3.71195e+06 10363.2 150.469 249.506 0 81742 640.08 152.4
11259138 424340 3.71761e+06 10972.8 45 254.65 0 81742 640.08 152.4
11259136 412033 3.69947e+06 30899.1 3.13269e-11 61.7333 0 81743 640.08 152.4
11259137 385391 3.71208e+06 10363.2 150.469 249.506 0 81743 640.08 152.4
11259138 424523 3.71779e+06 10972.8 45 254.65 0 81743 640.08 152.4
