11259136 405969 3.69953e+06 30899.1 3.13269e-11 61.7333 0 80644 640.08 152.4
11259137 405879 3.70033e+06 10363.2 150.469 249.506 0 80644 640.08 152.4
11259138 407148 3.70098e+06 10972.8 45 254.65 0 80644 640.08 152.4
11259136 406033 3.69953e+06 30899.1 3.13269e-11 61.7333 0 80645 640.08 152.4
11259137 405662 3.70045e+06 10363.2 150.469 249.506 0 80645 640.08 152.4
11259138 407331 3.70116e+06 10972.8 45 254.65 0 80645 640.08 152.4
11259136 406097 3.69953e+06 30899.1 3.13269e-11 61.7333 0 80646 640.08 152.4
11259137 405446 3.70057e+06 10363.2 150.469 249.506 0 80646 640.08 152.4
11259138 407514 3.70134e+06 10972.8 45 254.65 0 80646 640.08 152.4
11259136 406160 3.69953e+06 30899.1 3.13269e-11 61.7333 0 80647 640.08 152.4
11259137 405230 3.7007e+06 10363.2 150.469 249.506 0 80647 640.08 152.4
11259138 407697 3.70151e+06 10972.8 45 254.65 0 80647 640.08 152.4
11259136 406224 3.69953e+06 30899.1 3.13269e-11 61.7333 0 80648 640.08 152.4
11259137 405013 3.70082e+06 10363.2 150.469 249.506 0 80648 640.08 152.4
11259138 407881 3.70169e+06 10972.8 45 254.65 0 80648 640.08 152.4
11259136 406288 3.69952e+06 30899.1 3.13269e-11 61.7333 0 80649 640.08 152.4
11259137 404798 3.70095e+06 10363.2 150.469 249.506 0 80649 640.08 152.4
11259138 408064 3.70187e+06 10972.8 45 254.65 0 80649 640.08 152.4
11259136 406352 3.69952e+06 30899.1 3.13269e-11 61.7333 0 80650 640.08 152.4
11259137 404581 3.70107e+06 10363.2 150.469 249.506 0 80650 640.08 152.4
11259138 408247 3.70204e+06 10972.8 45 254.65 0 80650 640.08 152.4
11259136 406416 3.69952e+06 30899.1 3.13269e-11 61.7333 0 80651 640.08 152.4
11259137 404365 3.70119e+06 10363.2 150.469 249.506 0 80651 640.08 152.4
11259138 408430 3.70222e+06 10972.8 45 254.65 0 80651 640.08 152.4
11259136 406480 3.69952e+06 30899.1 3.13269e-11 61.7333 0 80652 640.08 152.4
11259137 404149 3.70132e+06 10363.2 150.469 249.506 0 80652 640.08 152.4
11259138 408613 3.7024e+06 10972.8 45 254.65 0 80652 640.08 152.4
11259136 406543 3.69952e+06 30899.1 3.13269e-11 61.7333 0 80653 640.08 152.4
11259137 403933 3.70144e+06 10363.2 150.469 249.506 0 80653 640.08 152.4
11259138 408796 3.70257e+06 10972.8 45 254.65 0 80653 640.08 152.4
11259136 406607 3.69952e+06 30899.1 3.13269e-11 61.7333 0 80654 640.08 152.4
11259137 403716 3.70156e+06 10363.2 150.469 249.506 0 80654 640.08 152.4
11259138 408979 3.70275e+06 10972.8 45 254.65 0 80654 640.08 152.4
11259136 406799 3.69952e+06 30899.1 3.13269e-11 61.7333 0 80657 640.08 152.4
11259137 403068 3.70193e+06 10363.2 150.469 249.506 0 80657 640.08 152.4
11259138 409529 3.70328e+06 10972.8 45 254.65 0 80657 640.08 152.4
11259136 406863 3.69952e+06 30899.1 3.13269e-11 61.7333 0 80658 640.08 152.4
11259137 402852 3.70206e+06 10363.2 150.469 249.506 0 80658 640.08 152.4
11259138 409712 3.70346e+06 10972.8 45 254.65 0 80658 640.08 152.4
11259136 406926 3.69952e+06 30899.1 3.13269e-11 61.7333 0 80659 640.08 152.4
11259137 402635 3.70218e+06 10363.2 150.469 249.506 0 80659 640.08 152.4
11259138 409895 3.70364e+06 10972.8 45 254.65 0 80659 640.08 152.4
