11259136 417587 3.69942e+06 30899.1 3.13269e-11 61.7333 0 15015 640.08 152.4
11259137 366680 3.72288e+06 10363.2 150.469 249.506 0 15015 640.08 152.4
11259138 440382 3.7332e+06 10972.8 45 254.65 0 15015 640.08 152.4
11259136 417650 3.69942e+06 30899.1 3.13269e-11 61.7333 0 15016 640.08 152.4
11259137 366465 3.723e+06 10363.2 150.469 249.506 0 15016 640.08 152.4
11259138 440564 3.73338e+06 10972.8 45 254.65 0 15016 640.08 152.4
11259136 417714 3.69942e+06 30899.1 3.13269e-11 61.7333 0 15017 640.08 152.4
11259137 366249 3.72313e+06 10363.2 150.469 249.506 0 15017 640.08 152.4
11259138 440746 3.73355e+06 10972.8 45 254.65 0 15017 640.08 152.4
11259136 417778 3.69942e+06 30899.1 3.13269e-11 61.7333 0 15019 640.08 152.4
11259137 366034 3.72325e+06 10363.2 150.469 249.506 0 15019 640.08 152.4
11259138 440928 3.73373e+06 10972.8 45 254.65 0 15019 640.08 152.4
11259136 417842 3.69942e+06 30899.1 3.13269e-11 61.7333 0 15020 640.08 152.4
11259137 365821 3.72338e+06 10363.2 150.469 249.506 0 15020 640.08 152.4
11259138 441109 3.73391e+06 10972.8 45 254.65 0 15020 640.08 152.4
11259136 417906 3.69942e+06 30899.1 3.13269e-11 61.7333 0 15021 640.08 152.4
11259137 365605 3.7235e+06 10363.2 150.469 249.506 0 15021 640.08 152.4
11259138 441291 3.73408e+06 10972.8 45 254.65 0 15021 640.08 152.4
11259136 417970 3.69942e+06 30899.1 3.13269e-11 61.7333 0 15022 640.08 152.4
11259137 365391 3.72362e+06 10363.2 150.469 249.506 0 15022 640.08 152.4
11259138 441473 3.73426e+06 10972.8 45 254.65 0 15022 640.08 152.4
11259136 418033 3.69942e+06 30899.1 3.13269e-11 61.7333 0 15023 640.08 152.4
11259137 365175 3.72375e+06 10363.2 150.469 249.506 0 15023 640.08 152.4
11259138 441655 3.73444e+06 10972.8 45 254.65 0 15023 640.08 152.4
11259136 418097 3.69942e+06 30899.1 3.13269e-11 61.7333 0 15024 640.08 152.4
11259137 364960 3.72387e+06 10363.2 150.469 249.506 0 15024 640.08 152.4
11259138 441837 3.73462e+06 10972.8 45 254.65 0 15024 640.08 152.4
11259136 418161 3.69942e+06 30899.1 3.13269e-11 61.7333 0 15025 640.08 152.4
11259137 364747 3.724e+06 10363.2 150.469 249.506 0 15025 640.08 152.4
11259138 442019 3.73479e+06 10972.8 45 254.65 0 15025 640.08 152.4
11259136 418225 3.69942e+06 30899.1 3.13269e-11 61.7333 0 15026 640.08 152.4
11259138 442201 3.73497e+06 10972.8 45 254.65 0 15026 640.08 152.4
11259136 418289 3.69942e+06 30899.1 3.13269e-11 61.7333 0 15027 640.08 152.4
11259137 364317 3.72425e+06 10363.2 150.469 249.506 0 15027 640.08 152.4
11259138 442383 3.73515e+06 10972.8 45 254.65 0 15027 640.08 152.4
11259136 418480 3.69941e+06 30899.1 3.13269e-11 61.7333 0 15030 640.08 152.4
11259137 363673 3.72462e+06 10363.2 150.469 249.506 0 15030 640.08 152.4
11259138 442929 3.73568e+06 10972.8 45 254.65 0 15030 640.08 152.4
11259136 418544 3.69941e+06 30899.1 3.13269e-11 61.7333 0 15031 640.08 152.4
11259138 443111 3.73586e+06 10972.8 45 254.65 0 15031 640.08 152.4
11259136 418608 3.69941e+06 30899.1 3.13269e-11 61.7333 0 15032 640.08 152.4
11259137 363243 3.72487e+06 10363.2 150.469 249.506 0 15032 640.08 152.4
11259138 443293 3.73604e+06 10972.8 45 254.65 0 15032 640.08 152.4
11259136 418672 3.69941e+06 30899.1 3.13269e-11 61.7333 0 15033 640.08 152.4
11259137 363027 3.72499e+06 10363.2 150.469 249.506 0 15033 640.08 152.4
11259138 443475 3.73621e+06 10972.8 45 254.65 0 15033 640.08 152.4
11259136 418736 3.69941e+06 30899.1 3.13269e-11 61.7333 0 15034 640.08 152.4
11259137 362813 3.72512e+06 10363.2 150.469 249.506 0 15034 640.08 152.4
11259138 443657 3.73639e+06 10972.8 45 254.65 0 15034 640.08 152.4
11259136 418799 3.69941e+06 30899.1 3.13269e-11 61.7333 0 15035 640.08 152.4
11259137 362599 3.72524e+06 10363.2 150.469 249.506 0 15035 640.08 152.4
11259138 443838 3.73657e+06 10972.8 45 254.65 0 15035 640.08 152.4
11259136 418863 3.69941e+06 30899.1 3.13269e-11 61.7333 0 15036 640.08 152.4
11259137 362384 3.72537e+06 10363.2 150.469 249.506 0 15036 640.08 152.4
11259138 444020 3.73674e+06 10972.8 45 254.65 0 15036 640.08 152.4
11259136 418927 3.69941e+06 30899.1 3.13269e-11 61.7333 0 15037 640.08 152.4
11259137 362169 3.72549e+06 10363.2 150.469 249.506 0 15037 640.08 152.4
11259138 444202 3.73692e+06 10972.8 45 254.65 0 15037 640.08 152.4
11259136 418991 3.69941e+06 30899.1 3.13269e-11 61.7333 0 15038 640.08 152.4
11259137 361954 3.72562e+06 10363.2 150.469 249.506 0 15038 640.08 152.4
11259138 444384 3.7371e+06 10972.8 45 254.65 0 15038 640.08 152.4
11259136 419055 3.69941e+06 30899.1 3.13269e-11 61.7333 0 15039 640.08 152.4
11259137 361739 3.72574e+06 10363.2 150.469 249.506 0 15039 640.08 152.4
11259138 444566 3.73728e+06 10972.8 45 254.65 0 15039 640.08 152.4
11259136 419119 3.69941e+06 30899.1 3.13269e-11 61.7333 0 15040 640.08 152.4
11259137 361526 3.72586e+06 10363.2 150.469 249.506 0 15040 640.08 152.4
11259138 444748 3.73745e+06 10972.8 45 254.65 0 15040 640.08 152.4
11259136 419182 3.69941e+06 30899.1 3.13269e-11 61.7333 0 15041 640.08 152.4
11259137 361310 3.72599e+06 10363.2 150.469 249.506 0 15041 640.08 152.4
11259138 444929 3.73763e+06 10972.8 45 254.65 0 15041 640.08 152.4
11259136 419246 3.69941e+06 30899.1 3.13269e-11 61.7333 0 15042 640.08 152.4
11259137 361095 3.72611e+06 10363.2 150.469 249.506 0 15042 640.08 152.4
11259138 445111 3.73781e+06 10972.8 45 254.65 0 15042 640.08 152.4
11259136 419310 3.69941e+06 30899.1 3.13269e-11 61.7333 0 15043 640.08 152.4
11259137 360880 3.72624e+06 10363.2 150.469 249.506 0 15043 640.08 152.4
11259138 445293 3.73799e+06 10972.8 45 254.65 0 15043 640.08 152.4
11259136 419374 3.69941e+06 30899.1 3.13269e-11 61.7333 0 15044 640.08 152.4
11259137 360665 3.72636e+06 10363.2 150.469 249.506 0 15044 640.08 152.4
11259138 445475 3.73816e+06 10972.8 45 254.65 0 15044 640.08 152.4
11259136 419438 3.69941e+06 30899.1 3.13269e-11 61.7333 0 15045 640.08 152.4
11259137 360452 3.72649e+06 10363.2 150.469 249.506 0 15045 640.08 152.4
11259138 445657 3.73834e+06 10972.8 45 254.65 0 15045 640.08 152.4
11259136 419502 3.69941e+06 30899.1 3.13269e-11 61.7333 0 15046 640.08 152.4
11259137 360237 3.72661e+06 10363.2 150.469 249.506 0 15046 640.08 152.4
11259138 445839 3.73852e+06 10972.8 45 254.65 0 15046 640.08 152.4
11259136 419565 3.69941e+06 30899.1 3.13269e-11 61.7333 0 15047 640.08 152.4
11259137 360022 3.72674e+06 10363.2 150.469 249.506 0 15047 640.08 152.4
11259138 446020 3.7387e+06 10972.8 45 254.65 0 15047 640.08 152.4
11259136 419629 3.6994e+06 30899.1 3.13269e-11 61.7333 0 15048 640.08 152.4
11259137 359807 3.72686e+06 10363.2 150.469 249.506 0 15048 640.08 152.4
11259138 446202 3.73887e+06 10972.8 45 254.65 0 15048 640.08 152.4
11259136 419693 3.6994e+06 30899.1 3.13269e-11 61.7333 0 15049 640.08 152.4
11259137 359592 3.72698e+06 10363.2 150.469 249.506 0 15049 640.08 152.4
11259138 446384 3.73905e+06 10972.8 45 254.65 0 15049 640.08 152.4
11259136 419757 3.6994e+06 30899.1 3.13269e-11 61.7333 0 15050 640.08 152.4
11259137 359379 3.72711e+06 10363.2 150.469 249.506 0 15050 640.08 152.4
11259138 446566 3.73923e+06 10972.8 45 254.65 0 15050 640.08 152.4
11259136 419821 3.6994e+06 30899.1 3.13269e-11 61.7333 0 15051 640.08 152.4
11259137 359163 3.72723e+06 10363.2 150.469 249.506 0 15051 640.08 152.4
11259138 446748 3.73941e+06 10972.8 45 254.65 0 15051 640.08 152.4
11259136 419885 3.6994e+06 30899.1 3.13269e-11 61.7333 0 15052 640.08 152.4
11259137 358949 3.72736e+06 10363.2 150.469 249.506 0 15052 640.08 152.4
11259138 446929 3.73958e+06 10972.8 45 254.65 0 15052 640.08 152.4
11259136 419948 3.6994e+06 30899.1 3.13269e-11 61.7333 0 15053 640.08 152.4
11259137 358733 3.72748e+06 10363.2 150.469 249.506 0 15053 640.08 152.4
11259138 447111 3.73976e+06 10972.8 45 254.65 0 15053 640.08 152.4
11259136 420012 3.6994e+06 30899.1 3.13269e-11 61.7333 0 15054 640.08 152.4
11259137 358519 3.72761e+06 10363.2 150.469 249.506 0 15054 640.08 152.4
11259138 447292 3.73994e+06 10972.8 45 254.65 0 15054 640.08 152.4
11259136 420076 3.6994e+06 30899.1 3.13269e-11 61.7333 0 15055 640.08 152.4
11259137 358303 3.72773e+06 10363.2 150.469 249.506 0 15055 640.08 152.4
11259138 447474 3.74012e+06 10972.8 45 254.65 0 15055 640.08 152.4
11259136 420140 3.6994e+06 30899.1 3.13269e-11 61.7333 0 15056 640.08 152.4
11259137 358088 3.72786e+06 10363.2 150.469 249.506 0 15056 640.08 152.4
11259138 447656 3.74029e+06 10972.8 45 254.65 0 15056 640.08 152.4
11259136 420204 3.6994e+06 30899.1 3.13269e-11 61.7333 0 15057 640.08 152.4
11259137 357873 3.72798e+06 10363.2 150.469 249.506 0 15057 640.08 152.4
11259138 447838 3.74047e+06 10972.8 45 254.65 0 15057 640.08 152.4
11259136 420268 3.6994e+06 30899.1 3.13269e-11 61.7333 0 15058 640.08 152.4
11259137 357658 3.72811e+06 10363.2 150.469 249.506 0 15058 640.08 152.4
11259138 448020 3.74065e+06 10972.8 45 254.65 0 15058 640.08 152.4
11259136 420331 3.6994e+06 30899.1 3.13269e-11 61.7333 0 15059 640.08 152.4
11259137 357443 3.72823e+06 10363.2 150.469 249.506 0 15059 640.08 152.4
11259138 448201 3.74083e+06 10972.8 45 254.65 0 15059 640.08 152.4
11259136 420395 3.6994e+06 30899.1 3.13269e-11 61.7333 0 15060 640.08 152.4
11259137 357228 3.72835e+06 10363.2 150.469 249.506 0 15060 640.08 152.4
11259138 448383 3.741e+06 10972.8 45 254.65 0 15060 640.08 152.4
11259136 420459 3.6994e+06 30899.1 3.13269e-11 61.7333 0 15061 640.08 152.4
11259137 357014 3.72848e+06 10363.2 150.469 249.506 0 15061 640.08 152.4
11259138 448565 3.74118e+06 10972.8 45 254.65 0 15061 640.08 152.4
11259136 420523 3.6994e+06 30899.1 3.13269e-11 61.7333 0 15062 640.08 152.4
11259137 356798 3.7286e+06 10363.2 150.469 249.506 0 15062 640.08 152.4
11259138 448746 3.74136e+06 10972.8 45 254.65 0 15062 640.08 152.4
11259136 420587 3.6994e+06 30899.1 3.13269e-11 61.7333 0 15063 640.08 152.4
11259137 356583 3.72873e+06 10363.2 150.469 249.506 0 15063 640.08 152.4
11259138 448928 3.74154e+06 10972.8 45 254.65 0 15063 640.08 152.4
11259136 420651 3.6994e+06 30899.1 3.13269e-11 61.7333 0 15064 640.08 152.4
11259137 356368 3.72885e+06 10363.2 150.469 249.506 0 15064 640.08 152.4
11259138 449110 3.74171e+06 10972.8 45 254.65 0 15064 640.08 152.4
11259136 420714 3.6994e+06 30899.1 3.13269e-11 61.7333 0 15065 640.08 152.4
11259137 356153 3.72898e+06 10363.2 150.469 249.506 0 15065 640.08 152.4
11259138 449292 3.74189e+06 10972.8 45 254.65 0 15065 640.08 152.4
11259136 420778 3.6994e+06 30899.1 3.13269e-11 61.7333 0 15066 640.08 152.4
11259137 355938 3.7291e+06 10363.2 150.469 249.506 0 15066 640.08 152.4
11259138 449473 3.74207e+06 10972.8 45 254.65 0 15066 640.08 152.4
11259136 420842 3.69939e+06 30899.1 3.13269e-11 61.7333 0 15067 640.08 152.4
11259137 355723 3.72923e+06 10363.2 150.469 249.506 0 15067 640.08 152.4
11259138 449654 3.74224e+06 10972.8 45 254.65 0 15067 640.08 152.4
11259136 420906 3.69939e+06 30899.1 3.13269e-11 61.7333 0 15068 640.08 152.4
11259137 355509 3.72935e+06 10363.2 150.469 249.506 0 15068 640.08 152.4
11259138 449836 3.74242e+06 10972.8 45 254.65 0 15068 640.08 152.4
11259136 420970 3.69939e+06 30899.1 3.13269e-11 61.7333 0 15069 640.08 152.4
11259137 355293 3.72948e+06 10363.2 150.469 249.506 0 15069 640.08 152.4
11259138 450018 3.7426e+06 10972.8 45 254.65 0 15069 640.08 152.4
11259136 421034 3.69939e+06 30899.1 3.13269e-11 61.7333 0 15070 640.08 152.4
11259137 355078 3.7296e+06 10363.2 150.469 249.506 0 15070 640.08 152.4
11259138 450199 3.74278e+06 10972.8 45 254.65 0 15070 640.08 152.4
11259136 421097 3.69939e+06 30899.1 3.13269e-11 61.7333 0 15071 640.08 152.4
11259137 354864 3.72973e+06 10363.2 150.469 249.506 0 15071 640.08 152.4
11259138 450381 3.74296e+06 10972.8 45 254.65 0 15071 640.08 152.4
11259136 421161 3.69939e+06 30899.1 3.13269e-11 61.7333 0 15072 640.08 152.4
11259137 354648 3.72985e+06 10363.2 150.469 249.506 0 15072 640.08 152.4
11259138 450563 3.74313e+06 10972.8 45 254.65 0 15072 640.08 152.4
11259136 421225 3.69939e+06 30899.1 3.13269e-11 61.7333 0 15073 640.08 152.4
11259137 354434 3.72997e+06 10363.2 150.469 249.506 0 15073 640.08 152.4
11259138 450744 3.74331e+06 10972.8 45 254.65 0 15073 640.08 152.4
11259136 421289 3.69939e+06 30899.1 3.13269e-11 61.7333 0 15074 640.08 152.4
11259137 354218 3.7301e+06 10363.2 150.469 249.506 0 15074 640.08 152.4
11259138 450926 3.74349e+06 10972.8 45 254.65 0 15074 640.08 152.4
11259136 421353 3.69939e+06 30899.1 3.13269e-11 61.7333 0 15075 640.08 152.4
11259137 354004 3.73022e+06 10363.2 150.469 249.506 0 15075 640.08 152.4
11259138 451108 3.74366e+06 10972.8 45 254.65 0 15075 640.08 152.4
11259136 421416 3.69939e+06 30899.1 3.13269e-11 61.7333 0 15076 640.08 152.4
11259137 353789 3.73035e+06 10363.2 150.469 249.506 0 15076 640.08 152.4
11259138 451291 3.74384e+06 10972.8 45 254.65 0 15076 640.08 152.4
11259136 421480 3.69939e+06 30899.1 3.13269e-11 61.7333 0 15077 640.08 152.4
11259137 353574 3.73047e+06 10363.2 150.469 249.506 0 15077 640.08 152.4
11259138 451475 3.74402e+06 10972.8 45 254.65 0 15077 640.08 152.4
11259136 421544 3.69939e+06 30899.1 3.13269e-11 61.7333 0 15078 640.08 152.4
11259137 353359 3.7306e+06 10363.2 150.469 249.506 0 15078 640.08 152.4
11259138 451658 3.7442e+06 10972.8 45 254.65 0 15078 640.08 152.4
11259136 421608 3.69939e+06 30899.1 3.13269e-11 61.7333 0 15079 640.08 152.4
11259137 353144 3.73072e+06 10363.2 150.469 249.506 0 15079 640.08 152.4
11259138 451840 3.74438e+06 10972.8 45 254.65 0 15079 640.08 152.4
11259136 421672 3.69939e+06 30899.1 3.13269e-11 61.7333 0 15080 640.08 152.4
11259137 352929 3.73085e+06 10363.2 150.469 249.506 0 15080 640.08 152.4
11259138 452021 3.74455e+06 10972.8 45 254.65 0 15080 640.08 152.4
11259136 421736 3.69939e+06 30899.1 3.13269e-11 61.7333 0 15081 640.08 152.4
11259137 352714 3.73097e+06 10363.2 150.469 249.506 0 15081 640.08 152.4
11259138 452203 3.74473e+06 10972.8 45 254.65 0 15081 640.08 152.4
11259136 421799 3.69939e+06 30899.1 3.13269e-11 61.7333 0 15082 640.08 152.4
11259137 352500 3.7311e+06 10363.2 150.469 249.506 0 15082 640.08 152.4
11259138 452385 3.74491e+06 10972.8 45 254.65 0 15082 640.08 152.4
11259136 421863 3.69939e+06 30899.1 3.13269e-11 61.7333 0 15083 640.08 152.4
11259137 352284 3.73122e+06 10363.2 150.469 249.506 0 15083 640.08 152.4
11259138 452568 3.74509e+06 10972.8 45 254.65 0 15083 640.08 152.4
11259136 421927 3.69939e+06 30899.1 3.13269e-11 61.7333 0 15084 640.08 152.4
11259137 352070 3.73135e+06 10363.2 150.469 249.506 0 15084 640.08 152.4
11259138 452752 3.74526e+06 10972.8 45 254.65 0 15084 640.08 152.4
11259136 421991 3.69939e+06 30899.1 3.13269e-11 61.7333 0 15085 640.08 152.4
11259137 351855 3.73147e+06 10363.2 150.469 249.506 0 15085 640.08 152.4
11259138 452935 3.74544e+06 10972.8 45 254.65 0 15085 640.08 152.4
11259136 422055 3.69938e+06 30899.1 3.13269e-11 61.7333 0 15086 640.08 152.4
11259137 351640 3.7316e+06 10363.2 150.469 249.506 0 15086 640.08 152.4
11259138 453117 3.74562e+06 10972.8 45 254.65 0 15086 640.08 152.4
11259136 422119 3.69938e+06 30899.1 3.13269e-11 61.7333 0 15087 640.08 152.4
11259137 351425 3.73172e+06 10363.2 150.469 249.506 0 15087 640.08 152.4
11259138 453298 3.7458e+06 10972.8 45 254.65 0 15087 640.08 152.4
11259136 422182 3.69938e+06 30899.1 3.13269e-11 61.7333 0 15088 640.08 152.4
11259137 351210 3.73185e+06 10363.2 150.469 249.506 0 15088 640.08 152.4
11259138 453480 3.74597e+06 10972.8 45 254.65 0 15088 640.08 152.4
11259136 422246 3.69938e+06 30899.1 3.13269e-11 61.7333 0 15089 640.08 152.4
11259137 350996 3.73197e+06 10363.2 150.469 249.506 0 15089 640.08 152.4
11259138 453661 3.74615e+06 10972.8 45 254.65 0 15089 640.08 152.4
11259136 422310 3.69938e+06 30899.1 3.13269e-11 61.7333 0 15091 640.08 152.4
11259137 350780 3.73209e+06 10363.2 150.469 249.506 0 15091 640.08 152.4
11259138 453845 3.74633e+06 10972.8 45 254.65 0 15091 640.08 152.4
11259136 422374 3.69938e+06 30899.1 3.13269e-11 61.7333 0 15092 640.08 152.4
11259138 454029 3.74651e+06 10972.8 45 254.65 0 15092 640.08 152.4
11259136 422438 3.69938e+06 30899.1 3.13269e-11 61.7333 0 15093 640.08 152.4
11259137 350351 3.73234e+06 10363.2 150.469 249.506 0 15093 640.08 152.4
11259138 454211 3.74668e+06 10972.8 45 254.65 0 15093 640.08 152.4
11259136 422502 3.69938e+06 30899.1 3.13269e-11 61.7333 0 15094 640.08 152.4
11259137 350136 3.73247e+06 10363.2 150.469 249.506 0 15094 640.08 152.4
11259138 454393 3.74686e+06 10972.8 45 254.65 0 15094 640.08 152.4
11259136 422565 3.69938e+06 30899.1 3.13269e-11 61.7333 0 15095 640.08 152.4
11259137 349921 3.73259e+06 10363.2 150.469 249.506 0 15095 640.08 152.4
11259138 454575 3.74704e+06 10972.8 45 254.65 0 15095 640.08 152.4
11259136 422629 3.69938e+06 30899.1 3.13269e-11 61.7333 0 15096 640.08 152.4
11259137 349706 3.73272e+06 10363.2 150.469 249.506 0 15096 640.08 152.4
11259138 454756 3.74722e+06 10972.8 45 254.65 0 15096 640.08 152.4
11259136 422693 3.69938e+06 30899.1 3.13269e-11 61.7333 0 15097 640.08 152.4
11259137 349492 3.73284e+06 10363.2 150.469 249.506 0 15097 640.08 152.4
11259138 454938 3.74739e+06 10972.8 45 254.65 0 15097 640.08 152.4
11259136 422757 3.69938e+06 30899.1 3.13269e-11 61.7333 0 15098 640.08 152.4
11259137 349277 3.73297e+06 10363.2 150.469 249.506 0 15098 640.08 152.4
11259138 455121 3.74757e+06 10972.8 45 254.65 0 15098 640.08 152.4
11259136 422821 3.69938e+06 30899.1 3.13269e-11 61.7333 0 15099 640.08 152.4
11259137 349062 3.73309e+06 10363.2 150.469 249.506 0 15099 640.08 152.4
11259138 455305 3.74775e+06 10972.8 45 254.65 0 15099 640.08 152.4
11259136 422885 3.69938e+06 30899.1 3.13269e-11 61.7333 0 15100 640.08 152.4
11259137 348847 3.73322e+06 10363.2 150.469 249.506 0 15100 640.08 152.4
11259138 455488 3.74793e+06 10972.8 45 254.65 0 15100 640.08 152.4
11259136 422948 3.69938e+06 30899.1 3.13269e-11 61.7333 0 15101 640.08 152.4
11259137 348633 3.73334e+06 10363.2 150.469 249.506 0 15101 640.08 152.4
11259138 455669 3.7481e+06 10972.8 45 254.65 0 15101 640.08 152.4
11259136 423012 3.69938e+06 30899.1 3.13269e-11 61.7333 0 15102 640.08 152.4
11259137 348418 3.73347e+06 10363.2 150.469 249.506 0 15102 640.08 152.4
11259138 455851 3.74828e+06 10972.8 45 254.65 0 15102 640.08 152.4
11259136 423076 3.69938e+06 30899.1 3.13269e-11 61.7333 0 15103 640.08 152.4
11259137 348202 3.73359e+06 10363.2 150.469 249.506 0 15103 640.08 152.4
11259138 456032 3.74846e+06 10972.8 45 254.65 0 15103 640.08 152.4
11259136 423140 3.69938e+06 30899.1 3.13269e-11 61.7333 0 15104 640.08 152.4
11259137 347988 3.73372e+06 10363.2 150.469 249.506 0 15104 640.08 152.4
11259138 456214 3.74864e+06 10972.8 45 254.65 0 15104 640.08 152.4
11259136 423204 3.69938e+06 30899.1 3.13269e-11 61.7333 0 15105 640.08 152.4
11259137 347773 3.73384e+06 10363.2 150.469 249.506 0 15105 640.08 152.4
11259138 456397 3.74881e+06 10972.8 45 254.65 0 15105 640.08 152.4
11259136 423268 3.69938e+06 30899.1 3.13269e-11 61.7333 0 15106 640.08 152.4
11259137 347559 3.73397e+06 10363.2 150.469 249.506 0 15106 640.08 152.4
11259138 456581 3.74899e+06 10972.8 45 254.65 0 15106 640.08 152.4
11259136 423331 3.69937e+06 30899.1 3.13269e-11 61.7333 0 15107 640.08 152.4
11259137 347344 3.73409e+06 10363.2 150.469 249.506 0 15107 640.08 152.4
11259136 423395 3.69937e+06 30899.1 3.13269e-11 61.7333 0 15108 640.08 152.4
11259137 347129 3.73422e+06 10363.2 150.469 249.506 0 15108 640.08 152.4
11259138 456945 3.74935e+06 10972.8 45 254.65 0 15108 640.08 152.4
11259136 423459 3.69937e+06 30899.1 3.13269e-11 61.7333 0 15109 640.08 152.4
11259137 346914 3.73434e+06 10363.2 150.469 249.506 0 15109 640.08 152.4
11259138 457126 3.74952e+06 10972.8 45 254.65 0 15109 640.08 152.4
11259136 423523 3.69937e+06 30899.1 3.13269e-11 61.7333 0 15110 640.08 152.4
11259137 346700 3.73447e+06 10363.2 150.469 249.506 0 15110 640.08 152.4
11259138 457308 3.7497e+06 10972.8 45 254.65 0 15110 640.08 152.4
11259136 423587 3.69937e+06 30899.1 3.13269e-11 61.7333 0 15111 640.08 152.4
11259137 346485 3.73459e+06 10363.2 150.469 249.506 0 15111 640.08 152.4
11259138 457489 3.74988e+06 10972.8 45 254.65 0 15111 640.08 152.4
11259136 423651 3.69937e+06 30899.1 3.13269e-11 61.7333 0 15112 640.08 152.4
11259137 346270 3.73472e+06 10363.2 150.469 249.506 0 15112 640.08 152.4
11259136 423714 3.69937e+06 30899.1 3.13269e-11 61.7333 0 15113 640.08 152.4
11259137 346055 3.73484e+06 10363.2 150.469 249.506 0 15113 640.08 152.4
11259138 457856 3.75024e+06 10972.8 45 254.65 0 15113 640.08 152.4
11259136 423778 3.69937e+06 30899.1 3.13269e-11 61.7333 0 15114 640.08 152.4
11259137 345840 3.73496e+06 10363.2 150.469 249.506 0 15114 640.08 152.4
11259138 458039 3.75041e+06 10972.8 45 254.65 0 15114 640.08 152.4
11259136 423842 3.69937e+06 30899.1 3.13269e-11 61.7333 0 15115 640.08 152.4
11259137 345626 3.73509e+06 10363.2 150.469 249.506 0 15115 640.08 152.4
11259138 458220 3.75059e+06 10972.8 45 254.65 0 15115 640.08 152.4
11259136 423906 3.69937e+06 30899.1 3.13269e-11 61.7333 0 15116 640.08 152.4
11259137 345411 3.73521e+06 10363.2 150.469 249.506 0 15116 640.08 152.4
11259138 458402 3.75077e+06 10972.8 45 254.65 0 15116 640.08 152.4
11259136 423970 3.69937e+06 30899.1 3.13269e-11 61.7333 0 15117 640.08 152.4
11259137 345197 3.73534e+06 10363.2 150.469 249.506 0 15117 640.08 152.4
11259138 458583 3.75095e+06 10972.8 45 254.65 0 15117 640.08 152.4
11259136 424034 3.69937e+06 30899.1 3.13269e-11 61.7333 0 15118 640.08 152.4
11259137 344982 3.73546e+06 10363.2 150.469 249.506 0 15118 640.08 152.4
11259138 458764 3.75112e+06 10972.8 45 254.65 0 15118 640.08 152.4
11259136 424097 3.69937e+06 30899.1 3.13269e-11 61.7333 0 15119 640.08 152.4
11259137 344767 3.73559e+06 10363.2 150.469 249.506 0 15119 640.08 152.4
11259138 458948 3.7513e+06 10972.8 45 254.65 0 15119 640.08 152.4
11259136 424161 3.69937e+06 30899.1 3.13269e-11 61.7333 0 15120 640.08 152.4
11259137 344552 3.73571e+06 10363.2 150.469 249.506 0 15120 640.08 152.4
11259138 459131 3.75148e+06 10972.8 45 254.65 0 15120 640.08 152.4
11259136 424225 3.69937e+06 30899.1 3.13269e-11 61.7333 0 15121 640.08 152.4
11259137 344338 3.73584e+06 10363.2 150.469 249.506 0 15121 640.08 152.4
11259138 459314 3.75166e+06 10972.8 45 254.65 0 15121 640.08 152.4
11259136 424289 3.69937e+06 30899.1 3.13269e-11 61.7333 0 15122 640.08 152.4
11259137 344123 3.73596e+06 10363.2 150.469 249.506 0 15122 640.08 152.4
11259138 459495 3.75183e+06 10972.8 45 254.65 0 15122 640.08 152.4
11259137 343908 3.73609e+06 10363.2 150.469 249.506 0 15123 640.08 152.4
11259138 459677 3.75201e+06 10972.8 45 254.65 0 15123 640.08 152.4
