11259136 407948 3.69951e+06 30899.1 3.13269e-11 61.7333 0 81380 640.08 152.4
11259137 399184 3.70416e+06 10363.2 150.469 249.506 0 81380 640.08 152.4
11259136 408012 3.69951e+06 30899.1 3.13269e-11 61.7333 0 81381 640.08 152.4
11259137 398968 3.70428e+06 10363.2 150.469 249.506 0 81381 640.08 152.4
11259138 413007 3.70664e+06 10972.8 45 254.65 0 81381 640.08 152.4
11259136 408075 3.69951e+06 30899.1 3.13269e-11 61.7333 0 81382 640.08 152.4
11259137 398752 3.7044e+06 10363.2 150.469 249.506 0 81382 640.08 152.4
11259138 413190 3.70682e+06 10972.8 45 254.65 0 81382 640.08 152.4
11259136 408139 3.69951e+06 30899.1 3.13269e-11 61.7333 0 81383 640.08 152.4
11259137 398536 3.70453e+06 10363.2 150.469 249.506 0 81383 640.08 152.4
11259138 413373 3.70699e+06 10972.8 45 254.65 0 81383 640.08 152.4
11259136 408203 3.69951e+06 30899.1 3.13269e-11 61.7333 0 81384 640.08 152.4
11259137 398320 3.70465e+06 10363.2 150.469 249.506 0 81384 640.08 152.4
11259138 413556 3.70717e+06 10972.8 45 254.65 0 81384 640.08 152.4
11259136 408267 3.69951e+06 30899.1 3.13269e-11 61.7333 0 81385 640.08 152.4
11259137 398106 3.70478e+06 10363.2 150.469 249.506 0 81385 640.08 152.4
11259138 413739 3.70735e+06 10972.8 45 254.65 0 81385 640.08 152.4
11259136 408331 3.69951e+06 30899.1 3.13269e-11 61.7333 0 81386 640.08 152.4
11259137 397889 3.7049e+06 10363.2 150.469 249.506 0 81386 640.08 152.4
11259138 413922 3.70752e+06 10972.8 45 254.65 0 81386 640.08 152.4
11259136 408395 3.6995e+06 30899.1 3.13269e-11 61.7333 0 81387 640.08 152.4
11259137 397674 3.70502e+06 10363.2 150.469 249.506 0 81387 640.08 152.4
11259138 414105 3.7077e+06 10972.8 45 254.65 0 81387 640.08 152.4
