11259136 412225 3.69947e+06 30899.1 3.13269e-11 61.7333 0 82177 640.08 152.4
11259137 384746 3.71245e+06 10363.2 150.469 249.506 0 82177 640.08 152.4
11259136 412288 3.69947e+06 30899.1 3.13269e-11 61.7333 0 82178 640.08 152.4
11259137 384530 3.71257e+06 10363.2 150.469 249.506 0 82178 640.08 152.4
11259136 412352 3.69947e+06 30899.1 3.13269e-11 61.7333 0 82179 640.08 152.4
11259137 384315 3.7127e+06 10363.2 150.469 249.506 0 82179 640.08 152.4
11259136 412416 3.69947e+06 30899.1 3.13269e-11 61.7333 0 82180 640.08 152.4
11259137 384101 3.71282e+06 10363.2 150.469 249.506 0 82180 640.08 152.4
11259138 425618 3.71885e+06 10972.8 45 254.65 0 82180 640.08 152.4
11259136 412480 3.69947e+06 30899.1 3.13269e-11 61.7333 0 82181 640.08 152.4
11259137 383885 3.71295e+06 10363.2 150.469 249.506 0 82181 640.08 152.4
11259138 425801 3.71902e+06 10972.8 45 254.65 0 82181 640.08 152.4
11259136 412544 3.69947e+06 30899.1 3.13269e-11 61.7333 0 82182 640.08 152.4
11259137 383669 3.71307e+06 10363.2 150.469 249.506 0 82182 640.08 152.4
11259138 425983 3.7192e+06 10972.8 45 254.65 0 82182 640.08 152.4
11259136 412608 3.69947e+06 30899.1 3.13269e-11 61.7333 0 82183 640.08 152.4
11259137 383453 3.71319e+06 10363.2 150.469 249.506 0 82183 640.08 152.4
11259138 426166 3.71938e+06 10972.8 45 254.65 0 82183 640.08 152.4
11259136 412671 3.69946e+06 30899.1 3.13269e-11 61.7333 0 82184 640.08 152.4
11259137 383238 3.71332e+06 10363.2 150.469 249.506 0 82184 640.08 152.4
11259138 426348 3.71956e+06 10972.8 45 254.65 0 82184 640.08 152.4
11259136 412735 3.69946e+06 30899.1 3.13269e-11 61.7333 0 82185 640.08 152.4
11259137 383024 3.71344e+06 10363.2 150.469 249.506 0 82185 640.08 152.4
11259138 426530 3.71973e+06 10972.8 45 254.65 0 82185 640.08 152.4
