11259136 431566 3.69931e+06 30899.1 3.13269e-11 61.7333 0 15670 640.08 152.4
11259137 319686 3.75023e+06 10363.2 150.469 249.506 0 15670 640.08 152.4
11259138 480213 3.77211e+06 10972.8 45 254.65 0 15670 640.08 152.4
11259136 431630 3.69931e+06 30899.1 3.13269e-11 61.7333 0 15671 640.08 152.4
11259137 319472 3.75036e+06 10363.2 150.469 249.506 0 15671 640.08 152.4
11259138 480393 3.77229e+06 10972.8 45 254.65 0 15671 640.08 152.4
11259136 431693 3.69931e+06 30899.1 3.13269e-11 61.7333 0 15672 640.08 152.4
11259137 319258 3.75048e+06 10363.2 150.469 249.506 0 15672 640.08 152.4
11259138 480576 3.77247e+06 10972.8 45 254.65 0 15672 640.08 152.4
11259136 431757 3.69931e+06 30899.1 3.13269e-11 61.7333 0 15673 640.08 152.4
11259137 319044 3.75061e+06 10363.2 150.469 249.506 0 15673 640.08 152.4
11259138 480759 3.77264e+06 10972.8 45 254.65 0 15673 640.08 152.4
11259136 431821 3.69931e+06 30899.1 3.13269e-11 61.7333 0 15674 640.08 152.4
11259137 318830 3.75074e+06 10363.2 150.469 249.506 0 15674 640.08 152.4
11259138 480941 3.77282e+06 10972.8 45 254.65 0 15674 640.08 152.4
11259136 431885 3.69931e+06 30899.1 3.13269e-11 61.7333 0 15675 640.08 152.4
11259137 318616 3.75086e+06 10363.2 150.469 249.506 0 15675 640.08 152.4
11259138 481121 3.773e+06 10972.8 45 254.65 0 15675 640.08 152.4
11259136 431949 3.69931e+06 30899.1 3.13269e-11 61.7333 0 15676 640.08 152.4
11259137 318402 3.75099e+06 10363.2 150.469 249.506 0 15676 640.08 152.4
11259138 481302 3.77318e+06 10972.8 45 254.65 0 15676 640.08 152.4
11259136 432013 3.69931e+06 30899.1 3.13269e-11 61.7333 0 15677 640.08 152.4
11259137 318188 3.75111e+06 10363.2 150.469 249.506 0 15677 640.08 152.4
11259138 481482 3.77336e+06 10972.8 45 254.65 0 15677 640.08 152.4
11259136 432076 3.69931e+06 30899.1 3.13269e-11 61.7333 0 15678 640.08 152.4
11259137 317974 3.75124e+06 10363.2 150.469 249.506 0 15678 640.08 152.4
11259138 481663 3.77353e+06 10972.8 45 254.65 0 15678 640.08 152.4
11259136 432140 3.69931e+06 30899.1 3.13269e-11 61.7333 0 15679 640.08 152.4
11259137 317760 3.75136e+06 10363.2 150.469 249.506 0 15679 640.08 152.4
11259138 481845 3.77371e+06 10972.8 45 254.65 0 15679 640.08 152.4
11259136 432204 3.69931e+06 30899.1 3.13269e-11 61.7333 0 15680 640.08 152.4
11259137 317546 3.75149e+06 10363.2 150.469 249.506 0 15680 640.08 152.4
11259138 482028 3.77389e+06 10972.8 45 254.65 0 15680 640.08 152.4
11259136 432268 3.69931e+06 30899.1 3.13269e-11 61.7333 0 15681 640.08 152.4
11259137 317332 3.75161e+06 10363.2 150.469 249.506 0 15681 640.08 152.4
11259138 482210 3.77407e+06 10972.8 45 254.65 0 15681 640.08 152.4
11259136 432332 3.69931e+06 30899.1 3.13269e-11 61.7333 0 15682 640.08 152.4
11259137 317118 3.75174e+06 10363.2 150.469 249.506 0 15682 640.08 152.4
11259138 482390 3.77425e+06 10972.8 45 254.65 0 15682 640.08 152.4
11259136 432396 3.69931e+06 30899.1 3.13269e-11 61.7333 0 15683 640.08 152.4
11259137 316904 3.75187e+06 10363.2 150.469 249.506 0 15683 640.08 152.4
11259138 482571 3.77443e+06 10972.8 45 254.65 0 15683 640.08 152.4
11259136 432459 3.69931e+06 30899.1 3.13269e-11 61.7333 0 15684 640.08 152.4
11259137 316690 3.75199e+06 10363.2 150.469 249.506 0 15684 640.08 152.4
11259138 482751 3.7746e+06 10972.8 45 254.65 0 15684 640.08 152.4
11259136 432523 3.69931e+06 30899.1 3.13269e-11 61.7333 0 15685 640.08 152.4
11259137 316476 3.75212e+06 10363.2 150.469 249.506 0 15685 640.08 152.4
11259138 482932 3.77478e+06 10972.8 45 254.65 0 15685 640.08 152.4
