11259137 343694 3.73621e+06 10363.2 150.469 249.506 0 15321 640.08 152.4
11259138 459858 3.75219e+06 10972.8 45 254.65 0 15321 640.08 152.4
11259137 343479 3.73634e+06 10363.2 150.469 249.506 0 15322 640.08 152.4
11259138 460039 3.75237e+06 10972.8 45 254.65 0 15322 640.08 152.4
11259137 343265 3.73646e+06 10363.2 150.469 249.506 0 15323 640.08 152.4
11259138 460223 3.75254e+06 10972.8 45 254.65 0 15323 640.08 152.4
11259137 343050 3.73659e+06 10363.2 150.469 249.506 0 15324 640.08 152.4
11259138 460406 3.75272e+06 10972.8 45 254.65 0 15324 640.08 152.4
11259137 342835 3.73671e+06 10363.2 150.469 249.506 0 15325 640.08 152.4
11259138 460589 3.7529e+06 10972.8 45 254.65 0 15325 640.08 152.4
11259137 342621 3.73684e+06 10363.2 150.469 249.506 0 15326 640.08 152.4
11259138 460770 3.75308e+06 10972.8 45 254.65 0 15326 640.08 152.4
11259137 342406 3.73696e+06 10363.2 150.469 249.506 0 15327 640.08 152.4
11259138 460951 3.75326e+06 10972.8 45 254.65 0 15327 640.08 152.4
11259137 342191 3.73709e+06 10363.2 150.469 249.506 0 15328 640.08 152.4
11259138 461133 3.75343e+06 10972.8 45 254.65 0 15328 640.08 152.4
11259137 341977 3.73721e+06 10363.2 150.469 249.506 0 15329 640.08 152.4
11259138 461314 3.75361e+06 10972.8 45 254.65 0 15329 640.08 152.4
11259137 341762 3.73734e+06 10363.2 150.469 249.506 0 15330 640.08 152.4
11259138 461497 3.75379e+06 10972.8 45 254.65 0 15330 640.08 152.4
11259137 341547 3.73746e+06 10363.2 150.469 249.506 0 15331 640.08 152.4
11259138 461681 3.75397e+06 10972.8 45 254.65 0 15331 640.08 152.4
11259137 341332 3.73759e+06 10363.2 150.469 249.506 0 15332 640.08 152.4
11259138 461863 3.75414e+06 10972.8 45 254.65 0 15332 640.08 152.4
11259137 341118 3.73771e+06 10363.2 150.469 249.506 0 15333 640.08 152.4
11259138 462045 3.75432e+06 10972.8 45 254.65 0 15333 640.08 152.4
11259137 340903 3.73784e+06 10363.2 150.469 249.506 0 15334 640.08 152.4
11259138 462226 3.7545e+06 10972.8 45 254.65 0 15334 640.08 152.4
11259137 340689 3.73796e+06 10363.2 150.469 249.506 0 15336 640.08 152.4
11259138 462407 3.75468e+06 10972.8 45 254.65 0 15336 640.08 152.4
11259137 340474 3.73809e+06 10363.2 150.469 249.506 0 15337 640.08 152.4
11259138 462588 3.75485e+06 10972.8 45 254.65 0 15337 640.08 152.4
11259136 425438 3.69936e+06 30899.1 3.13269e-11 61.7333 0 15338 640.08 152.4
11259137 340260 3.73821e+06 10363.2 150.469 249.506 0 15338 640.08 152.4
11259138 462772 3.75503e+06 10972.8 45 254.65 0 15338 640.08 152.4
11259136 425502 3.69936e+06 30899.1 3.13269e-11 61.7333 0 15339 640.08 152.4
11259137 340045 3.73834e+06 10363.2 150.469 249.506 0 15339 640.08 152.4
11259138 462955 3.75521e+06 10972.8 45 254.65 0 15339 640.08 152.4
11259136 425566 3.69936e+06 30899.1 3.13269e-11 61.7333 0 15340 640.08 152.4
11259137 339831 3.73846e+06 10363.2 150.469 249.506 0 15340 640.08 152.4
11259138 463138 3.75539e+06 10972.8 45 254.65 0 15340 640.08 152.4
11259136 425629 3.69936e+06 30899.1 3.13269e-11 61.7333 0 15341 640.08 152.4
11259137 339616 3.73859e+06 10363.2 150.469 249.506 0 15341 640.08 152.4
11259138 463319 3.75557e+06 10972.8 45 254.65 0 15341 640.08 152.4
11259136 425693 3.69936e+06 30899.1 3.13269e-11 61.7333 0 15342 640.08 152.4
11259137 339401 3.73871e+06 10363.2 150.469 249.506 0 15342 640.08 152.4
11259138 463500 3.75574e+06 10972.8 45 254.65 0 15342 640.08 152.4
11259136 425757 3.69936e+06 30899.1 3.13269e-11 61.7333 0 15343 640.08 152.4
11259137 339187 3.73884e+06 10363.2 150.469 249.506 0 15343 640.08 152.4
11259138 463681 3.75592e+06 10972.8 45 254.65 0 15343 640.08 152.4
11259136 425821 3.69936e+06 30899.1 3.13269e-11 61.7333 0 15344 640.08 152.4
11259137 338972 3.73896e+06 10363.2 150.469 249.506 0 15344 640.08 152.4
11259138 463862 3.7561e+06 10972.8 45 254.65 0 15344 640.08 152.4
11259136 425885 3.69935e+06 30899.1 3.13269e-11 61.7333 0 15345 640.08 152.4
11259137 338758 3.73909e+06 10363.2 150.469 249.506 0 15345 640.08 152.4
11259138 464046 3.75628e+06 10972.8 45 254.65 0 15345 640.08 152.4
11259136 425949 3.69935e+06 30899.1 3.13269e-11 61.7333 0 15346 640.08 152.4
11259137 338543 3.73921e+06 10363.2 150.469 249.506 0 15346 640.08 152.4
11259136 426012 3.69935e+06 30899.1 3.13269e-11 61.7333 0 15347 640.08 152.4
11259137 338329 3.73934e+06 10363.2 150.469 249.506 0 15347 640.08 152.4
11259138 464411 3.75663e+06 10972.8 45 254.65 0 15347 640.08 152.4
11259136 426076 3.69935e+06 30899.1 3.13269e-11 61.7333 0 15348 640.08 152.4
11259137 338114 3.73946e+06 10363.2 150.469 249.506 0 15348 640.08 152.4
11259138 464593 3.75681e+06 10972.8 45 254.65 0 15348 640.08 152.4
11259136 426140 3.69935e+06 30899.1 3.13269e-11 61.7333 0 15349 640.08 152.4
11259137 337900 3.73959e+06 10363.2 150.469 249.506 0 15349 640.08 152.4
11259138 464774 3.75699e+06 10972.8 45 254.65 0 15349 640.08 152.4
11259136 426204 3.69935e+06 30899.1 3.13269e-11 61.7333 0 15350 640.08 152.4
11259137 337685 3.73971e+06 10363.2 150.469 249.506 0 15350 640.08 152.4
11259138 464955 3.75717e+06 10972.8 45 254.65 0 15350 640.08 152.4
11259136 426268 3.69935e+06 30899.1 3.13269e-11 61.7333 0 15351 640.08 152.4
11259138 465136 3.75734e+06 10972.8 45 254.65 0 15351 640.08 152.4
11259136 426332 3.69935e+06 30899.1 3.13269e-11 61.7333 0 15352 640.08 152.4
11259137 337257 3.73996e+06 10363.2 150.469 249.506 0 15352 640.08 152.4
11259138 465319 3.75752e+06 10972.8 45 254.65 0 15352 640.08 152.4
11259136 426395 3.69935e+06 30899.1 3.13269e-11 61.7333 0 15353 640.08 152.4
11259137 337042 3.74009e+06 10363.2 150.469 249.506 0 15353 640.08 152.4
11259138 465502 3.7577e+06 10972.8 45 254.65 0 15353 640.08 152.4
11259136 426459 3.69935e+06 30899.1 3.13269e-11 61.7333 0 15354 640.08 152.4
11259137 336828 3.74021e+06 10363.2 150.469 249.506 0 15354 640.08 152.4
11259138 465685 3.75788e+06 10972.8 45 254.65 0 15354 640.08 152.4
11259136 426523 3.69935e+06 30899.1 3.13269e-11 61.7333 0 15355 640.08 152.4
11259137 336613 3.74034e+06 10363.2 150.469 249.506 0 15355 640.08 152.4
11259138 465866 3.75805e+06 10972.8 45 254.65 0 15355 640.08 152.4
11259136 426587 3.69935e+06 30899.1 3.13269e-11 61.7333 0 15356 640.08 152.4
11259137 336399 3.74046e+06 10363.2 150.469 249.506 0 15356 640.08 152.4
11259138 466047 3.75823e+06 10972.8 45 254.65 0 15356 640.08 152.4
11259136 426651 3.69935e+06 30899.1 3.13269e-11 61.7333 0 15357 640.08 152.4
11259137 336184 3.74059e+06 10363.2 150.469 249.506 0 15357 640.08 152.4
11259138 466228 3.75841e+06 10972.8 45 254.65 0 15357 640.08 152.4
11259136 426715 3.69935e+06 30899.1 3.13269e-11 61.7333 0 15358 640.08 152.4
11259137 335969 3.74071e+06 10363.2 150.469 249.506 0 15358 640.08 152.4
11259138 466409 3.75859e+06 10972.8 45 254.65 0 15358 640.08 152.4
11259136 426778 3.69935e+06 30899.1 3.13269e-11 61.7333 0 15359 640.08 152.4
11259137 335755 3.74084e+06 10363.2 150.469 249.506 0 15359 640.08 152.4
11259138 466592 3.75877e+06 10972.8 45 254.65 0 15359 640.08 152.4
11259136 426842 3.69935e+06 30899.1 3.13269e-11 61.7333 0 15360 640.08 152.4
11259137 335540 3.74096e+06 10363.2 150.469 249.506 0 15360 640.08 152.4
11259138 466776 3.75894e+06 10972.8 45 254.65 0 15360 640.08 152.4
11259136 426906 3.69935e+06 30899.1 3.13269e-11 61.7333 0 15361 640.08 152.4
11259137 335326 3.74109e+06 10363.2 150.469 249.506 0 15361 640.08 152.4
11259138 466958 3.75912e+06 10972.8 45 254.65 0 15361 640.08 152.4
11259136 426970 3.69935e+06 30899.1 3.13269e-11 61.7333 0 15362 640.08 152.4
11259137 335112 3.74121e+06 10363.2 150.469 249.506 0 15362 640.08 152.4
11259138 467139 3.7593e+06 10972.8 45 254.65 0 15362 640.08 152.4
11259136 427034 3.69935e+06 30899.1 3.13269e-11 61.7333 0 15363 640.08 152.4
11259137 334898 3.74134e+06 10363.2 150.469 249.506 0 15363 640.08 152.4
11259138 467320 3.75948e+06 10972.8 45 254.65 0 15363 640.08 152.4
11259136 427098 3.69935e+06 30899.1 3.13269e-11 61.7333 0 15364 640.08 152.4
11259137 334683 3.74146e+06 10363.2 150.469 249.506 0 15364 640.08 152.4
11259138 467501 3.75965e+06 10972.8 45 254.65 0 15364 640.08 152.4
11259136 427161 3.69934e+06 30899.1 3.13269e-11 61.7333 0 15365 640.08 152.4
11259137 334468 3.74159e+06 10363.2 150.469 249.506 0 15365 640.08 152.4
11259138 467682 3.75983e+06 10972.8 45 254.65 0 15365 640.08 152.4
11259136 427225 3.69934e+06 30899.1 3.13269e-11 61.7333 0 15366 640.08 152.4
11259137 334254 3.74171e+06 10363.2 150.469 249.506 0 15366 640.08 152.4
11259138 467865 3.76001e+06 10972.8 45 254.65 0 15366 640.08 152.4
11259136 427289 3.69934e+06 30899.1 3.13269e-11 61.7333 0 15367 640.08 152.4
11259137 334039 3.74184e+06 10363.2 150.469 249.506 0 15367 640.08 152.4
11259138 468048 3.76019e+06 10972.8 45 254.65 0 15367 640.08 152.4
11259136 427353 3.69934e+06 30899.1 3.13269e-11 61.7333 0 15368 640.08 152.4
11259137 333825 3.74196e+06 10363.2 150.469 249.506 0 15368 640.08 152.4
11259138 468231 3.76037e+06 10972.8 45 254.65 0 15368 640.08 152.4
11259136 427417 3.69934e+06 30899.1 3.13269e-11 61.7333 0 15369 640.08 152.4
11259137 333611 3.74209e+06 10363.2 150.469 249.506 0 15369 640.08 152.4
11259138 468412 3.76054e+06 10972.8 45 254.65 0 15369 640.08 152.4
11259136 427481 3.69934e+06 30899.1 3.13269e-11 61.7333 0 15370 640.08 152.4
11259137 333397 3.74221e+06 10363.2 150.469 249.506 0 15370 640.08 152.4
11259138 468593 3.76072e+06 10972.8 45 254.65 0 15370 640.08 152.4
11259136 427544 3.69934e+06 30899.1 3.13269e-11 61.7333 0 15371 640.08 152.4
11259137 333182 3.74234e+06 10363.2 150.469 249.506 0 15371 640.08 152.4
11259138 468774 3.7609e+06 10972.8 45 254.65 0 15371 640.08 152.4
11259136 427608 3.69934e+06 30899.1 3.13269e-11 61.7333 0 15372 640.08 152.4
11259137 332968 3.74246e+06 10363.2 150.469 249.506 0 15372 640.08 152.4
11259138 468955 3.76108e+06 10972.8 45 254.65 0 15372 640.08 152.4
11259136 427672 3.69934e+06 30899.1 3.13269e-11 61.7333 0 15373 640.08 152.4
11259137 332753 3.74259e+06 10363.2 150.469 249.506 0 15373 640.08 152.4
11259138 469138 3.76126e+06 10972.8 45 254.65 0 15373 640.08 152.4
11259136 427736 3.69934e+06 30899.1 3.13269e-11 61.7333 0 15374 640.08 152.4
11259137 332539 3.74272e+06 10363.2 150.469 249.506 0 15374 640.08 152.4
11259138 469321 3.76143e+06 10972.8 45 254.65 0 15374 640.08 152.4
11259136 427800 3.69934e+06 30899.1 3.13269e-11 61.7333 0 15375 640.08 152.4
11259138 469503 3.76161e+06 10972.8 45 254.65 0 15375 640.08 152.4
11259136 427864 3.69934e+06 30899.1 3.13269e-11 61.7333 0 15376 640.08 152.4
11259137 332110 3.74297e+06 10363.2 150.469 249.506 0 15376 640.08 152.4
11259138 469684 3.76179e+06 10972.8 45 254.65 0 15376 640.08 152.4
11259136 427927 3.69934e+06 30899.1 3.13269e-11 61.7333 0 15377 640.08 152.4
11259137 331896 3.74309e+06 10363.2 150.469 249.506 0 15377 640.08 152.4
11259138 469865 3.76197e+06 10972.8 45 254.65 0 15377 640.08 152.4
11259136 427991 3.69934e+06 30899.1 3.13269e-11 61.7333 0 15378 640.08 152.4
11259137 331681 3.74322e+06 10363.2 150.469 249.506 0 15378 640.08 152.4
11259138 470046 3.76214e+06 10972.8 45 254.65 0 15378 640.08 152.4
11259136 428055 3.69934e+06 30899.1 3.13269e-11 61.7333 0 15379 640.08 152.4
11259137 331467 3.74334e+06 10363.2 150.469 249.506 0 15379 640.08 152.4
11259138 470227 3.76232e+06 10972.8 45 254.65 0 15379 640.08 152.4
11259136 428119 3.69934e+06 30899.1 3.13269e-11 61.7333 0 15380 640.08 152.4
11259137 331253 3.74347e+06 10363.2 150.469 249.506 0 15380 640.08 152.4
11259138 470410 3.7625e+06 10972.8 45 254.65 0 15380 640.08 152.4
11259136 428183 3.69934e+06 30899.1 3.13269e-11 61.7333 0 15381 640.08 152.4
11259137 331039 3.74359e+06 10363.2 150.469 249.506 0 15381 640.08 152.4
11259138 470593 3.76268e+06 10972.8 45 254.65 0 15381 640.08 152.4
11259136 428247 3.69934e+06 30899.1 3.13269e-11 61.7333 0 15382 640.08 152.4
11259137 330824 3.74372e+06 10363.2 150.469 249.506 0 15382 640.08 152.4
11259138 470775 3.76286e+06 10972.8 45 254.65 0 15382 640.08 152.4
11259136 428310 3.69934e+06 30899.1 3.13269e-11 61.7333 0 15383 640.08 152.4
11259137 330609 3.74384e+06 10363.2 150.469 249.506 0 15383 640.08 152.4
11259138 470956 3.76303e+06 10972.8 45 254.65 0 15383 640.08 152.4
11259136 428374 3.69934e+06 30899.1 3.13269e-11 61.7333 0 15384 640.08 152.4
11259137 330395 3.74397e+06 10363.2 150.469 249.506 0 15384 640.08 152.4
11259138 471137 3.76321e+06 10972.8 45 254.65 0 15384 640.08 152.4
11259136 428438 3.69934e+06 30899.1 3.13269e-11 61.7333 0 15385 640.08 152.4
11259137 330181 3.74409e+06 10363.2 150.469 249.506 0 15385 640.08 152.4
11259138 471318 3.76339e+06 10972.8 45 254.65 0 15385 640.08 152.4
