0 413638 3.69802e+06 30899.1 0.0274156 0 -665.846 29055 640.08 152.4
0 413638 3.69802e+06 30899.1 0.0274156 0 -665.846 29056 640.08 152.4
0 413638 3.69802e+06 30899.1 3.13269e-11 0.514444 -665.846 29057 640.08 152.4
0 413639 3.69802e+06 30899.1 3.13269e-11 0.514444 -665.846 29058 640.08 152.4
0 413642 3.69801e+06 30899.1 3.13269e-11 0.514444 -665.846 29059 640.08 152.4
0 413642 3.69801e+06 30899.1 3.13269e-11 0.514444 -665.846 29060 640.08 152.4
0 413644 3.69801e+06 30899.1 3.13269e-11 0.514444 -665.846 29061 640.08 152.4
0 413644 3.69801e+06 30899.1 3.13269e-11 0.514444 -665.846 29062 640.08 152.4
0 413646 3.69801e+06 30899.1 3.13269e-11 0.514444 -665.846 29063 640.08 152.4
0 413646 3.69801e+06 30899.1 3.13269e-11 0.514444 -665.846 29064 640.08 152.4
10719185 410231 3.79717e+06 11285.2 8.4375 244.876 0 29064 640.08 152.4
0 413646 3.69801e+06 30899.1 3.13269e-11 0.514444 -665.846 29065 640.08 152.4
10719185 410231 3.79717e+06 11285.2 8.4375 246.419 1.30048 29065 640.08 152.4
0 413646 3.69801e+06 30899.1 3.13269e-11 0.514444 -665.846 29066 640.08 152.4
10719185 410866 3.79726e+06 11292.8 8.4375 246.933 1.30048 29066 640.08 152.4
0 413646 3.69801e+06 30899.1 3.13269e-11 0.514444 -665.846 29067 640.08 152.4
10719185 411111 3.79729e+06 11292.8 8.4375 246.933 1.6256 29068 640.08 152.4
0 413646 3.69801e+06 30899.1 3.13269e-11 0.514444 -665.846 29068 640.08 152.4
0 413646 3.69801e+06 30899.1 3.13269e-11 0.514444 -665.846 29069 640.08 152.4
10719185 411352 3.79732e+06 11292.8 8.4375 246.933 1.95072 29069 640.08 152.4
0 413646 3.69801e+06 30899.1 3.13269e-11 0.514444 -665.846 29070 640.08 152.4
10719185 411597 3.79736e+06 11292.8 8.4375 246.933 2.27584 29070 640.08 152.4
0 413644 3.69801e+06 30899.1 3.13269e-11 0.514444 -665.846 29071 640.08 152.4
10719185 411842 3.79739e+06 11300.5 8.4375 247.448 2.60096 29071 640.08 152.4
10735598 321015 3.83669e+06 11879.6 1.40625 251.049 0 29071 640.08 152.4
0 413644 3.69801e+06 30899.1 3.13269e-11 0.514444 -665.846 29072 640.08 152.4
10719185 412187 3.79744e+06 11300.5 8.4375 247.448 2.92608 29072 640.08 152.4
0 413644 3.69801e+06 30899.1 3.13269e-11 0.514444 -665.846 29073 640.08 152.4
10735598 321015 3.83669e+06 11879.6 1.40625 251.049 0 29073 640.08 152.4
10719185 412431 3.79747e+06 11308.1 8.4375 247.448 3.90144 29073 640.08 152.4
0 413642 3.69801e+06 30899.1 0.0274156 0 -665.846 29074 640.08 152.4
10719185 412672 3.79751e+06 11315.7 8.4375 247.448 4.22656 29074 640.08 152.4
0 413642 3.69801e+06 30899.1 0.0274156 0 -665.846 29075 640.08 152.4
10719185 413068 3.79756e+06 11323.3 8.4375 247.448 4.8768 29075 640.08 152.4
0 413642 3.69801e+06 30899.1 0.0274156 0 -665.846 29076 640.08 152.4
0 413642 3.69801e+06 30899.1 0.0274156 0 -665.846 29077 640.08 152.4
10719185 413262 3.79759e+06 11323.3 8.4375 247.448 5.85216 29077 640.08 152.4
0 413642 3.69801e+06 30899.1 0.0274156 0 -665.846 29078 640.08 152.4
10719185 413604 3.79764e+06 11338.6 8.4375 247.448 5.85216 29078 640.08 152.4
0 413644 3.69801e+06 30899.1 0.0274156 0 -665.846 29079 640.08 152.4
10719185 413898 3.79767e+06 11338.6 8.4375 247.448 6.17728 29079 640.08 152.4
0 413644 3.69801e+06 30899.1 0.0274156 0 -665.846 29080 640.08 152.4
10719185 413995 3.79769e+06 11346.2 8.4375 246.933 6.82752 29080 640.08 152.4
0 413644 3.69801e+06 30899.1 3.13269e-11 0.514444 -665.846 29081 640.08 152.4
10719185 414482 3.79776e+06 11361.4 8.4375 246.933 6.82752 29081 640.08 152.4
0 413644 3.69801e+06 30899.1 0.0274156 0 -665.846 29082 640.08 152.4
10719185 414729 3.79779e+06 11369 8.4375 246.933 6.82752 29083 640.08 152.4
0 413644 3.69801e+06 30899.1 0.0274156 0 -665.846 29083 640.08 152.4
0 413646 3.69801e+06 30899.1 0.0274156 0 -665.846 29084 640.08 152.4
10719185 414972 3.79783e+06 11369 8.4375 246.933 6.82752 29084 640.08 152.4
0 413646 3.69801e+06 30899.1 3.13269e-11 0.514444 -665.846 29085 640.08 152.4
10719185 415168 3.79785e+06 11376.7 8.4375 246.933 6.82752 29085 640.08 152.4
0 413648 3.69801e+06 30899.1 3.13269e-11 0.514444 -665.846 29086 640.08 152.4
10719185 415409 3.79788e+06 11384.3 8.4375 246.933 6.82752 29086 640.08 152.4
0 413648 3.69801e+06 30899.1 3.13269e-11 0.514444 -665.846 29087 640.08 152.4
0 413648 3.69801e+06 30899.1 3.13269e-11 0.514444 -665.846 29088 640.08 152.4
0 413648 3.69801e+06 30899.1 3.13269e-11 0.514444 -665.846 29089 640.08 152.4
0 413649 3.69801e+06 30899.1 3.13269e-11 0.514444 -665.846 29090 640.08 152.4
0 413649 3.69801e+06 30899.1 3.13269e-11 0.514444 -665.846 29091 640.08 152.4
0 413649 3.69801e+06 30899.1 3.13269e-11 0.514444 -665.846 29092 640.08 152.4
0 413649 3.69801e+06 30899.1 3.13269e-11 0.514444 -665.846 29093 640.08 152.4
