11259136 413182 3.69946e+06 30899.1 3.13269e-11 61.7333 0 42 640.08 152.4
11259137 381517 3.71431e+06 10363.2 150.469 249.506 0 42 640.08 152.4
11259138 427808 3.72097e+06 10972.8 45 254.65 0 42 640.08 152.4
11259136 413246 3.69946e+06 30899.1 3.13269e-11 61.7333 0 43 640.08 152.4
11259137 381301 3.71443e+06 10363.2 150.469 249.506 0 43 640.08 152.4
11259138 427991 3.72115e+06 10972.8 45 254.65 0 43 640.08 152.4
11259136 413310 3.69946e+06 30899.1 3.13269e-11 61.7333 0 44 640.08 152.4
11259137 381086 3.71456e+06 10363.2 150.469 249.506 0 44 640.08 152.4
11259138 428173 3.72133e+06 10972.8 45 254.65 0 44 640.08 152.4
11259136 413374 3.69946e+06 30899.1 3.13269e-11 61.7333 0 45 640.08 152.4
11259137 380872 3.71468e+06 10363.2 150.469 249.506 0 45 640.08 152.4
11259138 428356 3.7215e+06 10972.8 45 254.65 0 45 640.08 152.4
11259136 413437 3.69946e+06 30899.1 3.13269e-11 61.7333 0 46 640.08 152.4
11259137 380656 3.71481e+06 10363.2 150.469 249.506 0 46 640.08 152.4
11259138 428538 3.72168e+06 10972.8 45 254.65 0 46 640.08 152.4
11259136 413501 3.69946e+06 30899.1 3.13269e-11 61.7333 0 47 640.08 152.4
11259137 380441 3.71493e+06 10363.2 150.469 249.506 0 47 640.08 152.4
11259138 428721 3.72186e+06 10972.8 45 254.65 0 47 640.08 152.4
11259136 413565 3.69946e+06 30899.1 3.13269e-11 61.7333 0 48 640.08 152.4
11259137 380225 3.71505e+06 10363.2 150.469 249.506 0 48 640.08 152.4
11259138 428903 3.72203e+06 10972.8 45 254.65 0 48 640.08 152.4
11259136 413629 3.69946e+06 30899.1 3.13269e-11 61.7333 0 49 640.08 152.4
11259137 380010 3.71518e+06 10363.2 150.469 249.506 0 49 640.08 152.4
11259138 429085 3.72221e+06 10972.8 45 254.65 0 49 640.08 152.4
11259136 413693 3.69946e+06 30899.1 3.13269e-11 61.7333 0 50 640.08 152.4
11259137 379796 3.7153e+06 10363.2 150.469 249.506 0 50 640.08 152.4
11259138 429268 3.72239e+06 10972.8 45 254.65 0 50 640.08 152.4
11259136 413757 3.69946e+06 30899.1 3.13269e-11 61.7333 0 51 640.08 152.4
11259137 379580 3.71543e+06 10363.2 150.469 249.506 0 51 640.08 152.4
11259138 429450 3.72257e+06 10972.8 45 254.65 0 51 640.08 152.4
11259136 413820 3.69945e+06 30899.1 3.13269e-11 61.7333 0 52 640.08 152.4
11259137 379365 3.71555e+06 10363.2 150.469 249.506 0 52 640.08 152.4
11259138 429632 3.72274e+06 10972.8 45 254.65 0 52 640.08 152.4
11259136 413884 3.69945e+06 30899.1 3.13269e-11 61.7333 0 53 640.08 152.4
11259137 379149 3.71567e+06 10363.2 150.469 249.506 0 53 640.08 152.4
11259138 429815 3.72292e+06 10972.8 45 254.65 0 53 640.08 152.4
11259136 413948 3.69945e+06 30899.1 3.13269e-11 61.7333 0 54 640.08 152.4
11259137 378934 3.7158e+06 10363.2 150.469 249.506 0 54 640.08 152.4
11259138 429997 3.7231e+06 10972.8 45 254.65 0 54 640.08 152.4
11259136 414012 3.69945e+06 30899.1 3.13269e-11 61.7333 0 55 640.08 152.4
11259137 378720 3.71592e+06 10363.2 150.469 249.506 0 55 640.08 152.4
11259138 430179 3.72327e+06 10972.8 45 254.65 0 55 640.08 152.4
11259136 414076 3.69945e+06 30899.1 3.13269e-11 61.7333 0 56 640.08 152.4
11259137 378504 3.71605e+06 10363.2 150.469 249.506 0 56 640.08 152.4
11259138 430362 3.72345e+06 10972.8 45 254.65 0 56 640.08 152.4
11259136 414140 3.69945e+06 30899.1 3.13269e-11 61.7333 0 57 640.08 152.4
11259137 378289 3.71617e+06 10363.2 150.469 249.506 0 57 640.08 152.4
11259138 430544 3.72363e+06 10972.8 45 254.65 0 57 640.08 152.4
11259136 414203 3.69945e+06 30899.1 3.13269e-11 61.7333 0 58 640.08 152.4
11259137 378073 3.71629e+06 10363.2 150.469 249.506 0 58 640.08 152.4
11259138 430727 3.72381e+06 10972.8 45 254.65 0 58 640.08 152.4
11259136 414267 3.69945e+06 30899.1 3.13269e-11 61.7333 0 59 640.08 152.4
11259137 377858 3.71642e+06 10363.2 150.469 249.506 0 59 640.08 152.4
11259138 430909 3.72398e+06 10972.8 45 254.65 0 59 640.08 152.4
11259136 414331 3.69945e+06 30899.1 3.13269e-11 61.7333 0 60 640.08 152.4
11259137 377645 3.71654e+06 10363.2 150.469 249.506 0 60 640.08 152.4
11259138 431091 3.72416e+06 10972.8 45 254.65 0 60 640.08 152.4
11259136 414395 3.69945e+06 30899.1 3.13269e-11 61.7333 0 61 640.08 152.4
11259137 377429 3.71667e+06 10363.2 150.469 249.506 0 61 640.08 152.4
11259138 431274 3.72434e+06 10972.8 45 254.65 0 61 640.08 152.4
11259136 414459 3.69945e+06 30899.1 3.13269e-11 61.7333 0 62 640.08 152.4
11259137 377214 3.71679e+06 10363.2 150.469 249.506 0 62 640.08 152.4
11259138 431456 3.72451e+06 10972.8 45 254.65 0 62 640.08 152.4
