11259136 409480 3.69949e+06 30899.1 3.13269e-11 61.7333 0 86081 640.08 152.4
11259137 394008 3.70713e+06 10363.2 150.469 249.506 0 86081 640.08 152.4
11259138 417215 3.71071e+06 10972.8 45 254.65 0 86081 640.08 152.4
11259136 409544 3.69949e+06 30899.1 3.13269e-11 61.7333 0 86082 640.08 152.4
11259137 393794 3.70725e+06 10363.2 150.469 249.506 0 86111 640.08 152.4
11259138 417397 3.71088e+06 10972.8 45 254.65 0 86111 640.08 152.4
11259136 409607 3.69949e+06 30899.1 3.13269e-11 61.7333 0 86111 640.08 152.4
11259137 393578 3.70737e+06 10363.2 150.469 249.506 0 86111 640.08 152.4
11259138 417580 3.71106e+06 10972.8 45 254.65 0 86111 640.08 152.4
11259136 409671 3.69949e+06 30899.1 3.13269e-11 61.7333 0 86111 640.08 152.4
11259137 393362 3.7075e+06 10363.2 150.469 249.506 0 86111 640.08 152.4
11259138 417763 3.71124e+06 10972.8 45 254.65 0 86111 640.08 152.4
11259136 409735 3.69949e+06 30899.1 3.13269e-11 61.7333 0 86111 640.08 152.4
11259137 393146 3.70762e+06 10363.2 150.469 249.506 0 86111 640.08 152.4
11259138 417945 3.71141e+06 10972.8 45 254.65 0 86111 640.08 152.4
11259136 409799 3.69949e+06 30899.1 3.13269e-11 61.7333 0 86111 640.08 152.4
11259137 392931 3.70774e+06 10363.2 150.469 249.506 0 86111 640.08 152.4
11259138 418128 3.71159e+06 10972.8 45 254.65 0 86111 640.08 152.4
11259136 409863 3.69949e+06 30899.1 3.13269e-11 61.7333 0 86111 640.08 152.4
11259137 392717 3.70787e+06 10363.2 150.469 249.506 0 86111 640.08 152.4
11259138 418311 3.71177e+06 10972.8 45 254.65 0 86111 640.08 152.4
11259136 409927 3.69949e+06 30899.1 3.13269e-11 61.7333 0 86111 640.08 152.4
11259137 392500 3.70799e+06 10363.2 150.469 249.506 0 86111 640.08 152.4
11259138 418494 3.71195e+06 10972.8 45 254.65 0 86111 640.08 152.4
11259136 409990 3.69949e+06 30899.1 3.13269e-11 61.7333 0 86111 640.08 152.4
11259137 392285 3.70812e+06 10363.2 150.469 249.506 0 86111 640.08 152.4
11259138 418677 3.71212e+06 10972.8 45 254.65 0 86111 640.08 152.4
11259136 410054 3.69949e+06 30899.1 3.13269e-11 61.7333 0 86111 640.08 152.4
11259137 392069 3.70824e+06 10363.2 150.469 249.506 0 86111 640.08 152.4
11259138 418860 3.7123e+06 10972.8 45 254.65 0 86111 640.08 152.4
11259136 410118 3.69949e+06 30899.1 3.13269e-11 61.7333 0 86111 640.08 152.4
11259137 391853 3.70836e+06 10363.2 150.469 249.506 0 86111 640.08 152.4
11259138 419042 3.71248e+06 10972.8 45 254.65 0 86111 640.08 152.4
11259136 410182 3.69949e+06 30899.1 3.13269e-11 61.7333 0 86111 640.08 152.4
11259137 391639 3.70849e+06 10363.2 150.469 249.506 0 86111 640.08 152.4
11259138 419225 3.71265e+06 10972.8 45 254.65 0 86111 640.08 152.4
11259136 410246 3.69949e+06 30899.1 3.13269e-11 61.7333 0 86111 640.08 152.4
11259137 391423 3.70861e+06 10363.2 150.469 249.506 0 86111 640.08 152.4
11259138 419408 3.71283e+06 10972.8 45 254.65 0 86111 640.08 152.4
11259136 410310 3.69949e+06 30899.1 3.13269e-11 61.7333 0 86111 640.08 152.4
11259137 391207 3.70873e+06 10363.2 150.469 249.506 0 86111 640.08 152.4
11259138 419591 3.71301e+06 10972.8 45 254.65 0 86111 640.08 152.4
11259136 410373 3.69949e+06 30899.1 3.13269e-11 61.7333 0 86111 640.08 152.4
11259137 390991 3.70886e+06 10363.2 150.469 249.506 0 86111 640.08 152.4
11259138 419774 3.71318e+06 10972.8 45 254.65 0 86111 640.08 152.4
11259136 410437 3.69949e+06 30899.1 3.13269e-11 61.7333 0 86111 640.08 152.4
11259137 390776 3.70898e+06 10363.2 150.469 249.506 0 86111 640.08 152.4
11259138 419956 3.71336e+06 10972.8 45 254.65 0 86111 640.08 152.4
11259136 410501 3.69948e+06 30899.1 3.13269e-11 61.7333 0 86111 640.08 152.4
11259137 390562 3.70911e+06 10363.2 150.469 249.506 0 86111 640.08 152.4
11259138 420139 3.71354e+06 10972.8 45 254.65 0 86111 640.08 152.4
11259136 410565 3.69948e+06 30899.1 3.13269e-11 61.7333 0 86111 640.08 152.4
11259137 390346 3.70923e+06 10363.2 150.469 249.506 0 86111 640.08 152.4
11259138 420322 3.71371e+06 10972.8 45 254.65 0 86111 640.08 152.4
11259136 410629 3.69948e+06 30899.1 3.13269e-11 61.7333 0 86111 640.08 152.4
11259137 390130 3.70935e+06 10363.2 150.469 249.506 0 86111 640.08 152.4
11259138 420504 3.71389e+06 10972.8 45 254.65 0 86111 640.08 152.4
11259136 410693 3.69948e+06 30899.1 3.13269e-11 61.7333 0 86111 640.08 152.4
11259137 389914 3.70948e+06 10363.2 150.469 249.506 0 86111 640.08 152.4
11259138 420687 3.71407e+06 10972.8 45 254.65 0 86111 640.08 152.4
11259136 411395 3.69948e+06 30899.1 3.13269e-11 61.7333 0 86112 640.08 152.4
11259137 387545 3.71084e+06 10363.2 150.469 249.506 0 86112 640.08 152.4
11259138 422697 3.71602e+06 10972.8 45 254.65 0 86112 640.08 152.4
11259136 411459 3.69948e+06 30899.1 3.13269e-11 61.7333 0 86113 640.08 152.4
11259137 387331 3.71096e+06 10363.2 150.469 249.506 0 86113 640.08 152.4
11259138 422880 3.71619e+06 10972.8 45 254.65 0 86113 640.08 152.4
11259136 411522 3.69948e+06 30899.1 3.13269e-11 61.7333 0 86114 640.08 152.4
11259137 387115 3.71109e+06 10363.2 150.469 249.506 0 86114 640.08 152.4
11259138 423062 3.71637e+06 10972.8 45 254.65 0 86114 640.08 152.4
11259136 411586 3.69947e+06 30899.1 3.13269e-11 61.7333 0 86115 640.08 152.4
11259137 386899 3.71121e+06 10363.2 150.469 249.506 0 86115 640.08 152.4
11259136 411650 3.69947e+06 30899.1 3.13269e-11 61.7333 0 86116 640.08 152.4
11259137 386683 3.71133e+06 10363.2 150.469 249.506 0 86116 640.08 152.4
11259138 423428 3.71672e+06 10972.8 45 254.65 0 86116 640.08 152.4
11259136 411714 3.69947e+06 30899.1 3.13269e-11 61.7333 0 86117 640.08 152.4
11259137 386468 3.71146e+06 10363.2 150.469 249.506 0 86117 640.08 152.4
11259138 423610 3.7169e+06 10972.8 45 254.65 0 86117 640.08 152.4
11259136 411778 3.69947e+06 30899.1 3.13269e-11 61.7333 0 86118 640.08 152.4
11259137 386254 3.71158e+06 10363.2 150.469 249.506 0 86118 640.08 152.4
11259138 423792 3.71708e+06 10972.8 45 254.65 0 86118 640.08 152.4
11259136 411842 3.69947e+06 30899.1 3.13269e-11 61.7333 0 86119 640.08 152.4
11259137 386038 3.71171e+06 10363.2 150.469 249.506 0 86119 640.08 152.4
11259138 423975 3.71725e+06 10972.8 45 254.65 0 86119 640.08 152.4
11259136 411905 3.69947e+06 30899.1 3.13269e-11 61.7333 0 86120 640.08 152.4
11259137 385822 3.71183e+06 10363.2 150.469 249.506 0 86120 640.08 152.4
11259138 424157 3.71743e+06 10972.8 45 254.65 0 86120 640.08 152.4
11259136 411969 3.69947e+06 30899.1 3.13269e-11 61.7333 0 86171 640.08 152.4
11259137 385606 3.71195e+06 10363.2 150.469 249.506 0 86171 640.08 152.4
11259138 424340 3.71761e+06 10972.8 45 254.65 0 86171 640.08 152.4
11259136 412033 3.69947e+06 30899.1 3.13269e-11 61.7333 0 86172 640.08 152.4
11259137 385391 3.71208e+06 10363.2 150.469 249.506 0 86172 640.08 152.4
11259138 424523 3.71779e+06 10972.8 45 254.65 0 86172 640.08 152.4
11259136 412097 3.69947e+06 30899.1 3.13269e-11 61.7333 0 86173 640.08 152.4
11259137 385177 3.7122e+06 10363.2 150.469 249.506 0 86173 640.08 152.4
11259136 412161 3.69947e+06 30899.1 3.13269e-11 61.7333 0 86174 640.08 152.4
11259137 384961 3.71233e+06 10363.2 150.469 249.506 0 86174 640.08 152.4
11259136 412225 3.69947e+06 30899.1 3.13269e-11 61.7333 0 86175 640.08 152.4
11259137 384746 3.71245e+06 10363.2 150.469 249.506 0 86175 640.08 152.4
11259136 412288 3.69947e+06 30899.1 3.13269e-11 61.7333 0 86176 640.08 152.4
11259137 384530 3.71257e+06 10363.2 150.469 249.506 0 86176 640.08 152.4
11259136 412352 3.69947e+06 30899.1 3.13269e-11 61.7333 0 86177 640.08 152.4
11259137 384315 3.7127e+06 10363.2 150.469 249.506 0 86177 640.08 152.4
11259136 412416 3.69947e+06 30899.1 3.13269e-11 61.7333 0 86178 640.08 152.4
11259137 384101 3.71282e+06 10363.2 150.469 249.506 0 86178 640.08 152.4
11259138 425618 3.71885e+06 10972.8 45 254.65 0 86178 640.08 152.4
11259136 412480 3.69947e+06 30899.1 3.13269e-11 61.7333 0 86179 640.08 152.4
11259138 425801 3.71902e+06 10972.8 45 254.65 0 86179 640.08 152.4
11259136 412544 3.69947e+06 30899.1 3.13269e-11 61.7333 0 86180 640.08 152.4
11259137 383669 3.71307e+06 10363.2 150.469 249.506 0 86180 640.08 152.4
11259138 425983 3.7192e+06 10972.8 45 254.65 0 86180 640.08 152.4
11259136 412608 3.69947e+06 30899.1 3.13269e-11 61.7333 0 86181 640.08 152.4
11259137 383453 3.71319e+06 10363.2 150.469 249.506 0 86181 640.08 152.4
11259138 426166 3.71938e+06 10972.8 45 254.65 0 86181 640.08 152.4
11259136 412671 3.69946e+06 30899.1 3.13269e-11 61.7333 0 86182 640.08 152.4
11259137 383238 3.71332e+06 10363.2 150.469 249.506 0 86182 640.08 152.4
11259138 426348 3.71956e+06 10972.8 45 254.65 0 86182 640.08 152.4
11259136 412735 3.69946e+06 30899.1 3.13269e-11 61.7333 0 86183 640.08 152.4
11259137 383024 3.71344e+06 10363.2 150.469 249.506 0 86183 640.08 152.4
11259138 426530 3.71973e+06 10972.8 45 254.65 0 86183 640.08 152.4
11259136 412799 3.69946e+06 30899.1 3.13269e-11 61.7333 0 86184 640.08 152.4
11259137 382808 3.71357e+06 10363.2 150.469 249.506 0 86184 640.08 152.4
11259138 426713 3.71991e+06 10972.8 45 254.65 0 86184 640.08 152.4
11259136 412863 3.69946e+06 30899.1 3.13269e-11 61.7333 0 86206 640.08 152.4
11259137 382593 3.71369e+06 10363.2 150.469 249.506 0 86206 640.08 152.4
11259138 426896 3.72009e+06 10972.8 45 254.65 0 86206 640.08 152.4
11259136 412927 3.69946e+06 30899.1 3.13269e-11 61.7333 0 86207 640.08 152.4
11259137 382377 3.71381e+06 10363.2 150.469 249.506 0 86207 640.08 152.4
11259138 427078 3.72026e+06 10972.8 45 254.65 0 86207 640.08 152.4
11259136 412991 3.69946e+06 30899.1 3.13269e-11 61.7333 0 86208 640.08 152.4
11259137 382162 3.71394e+06 10363.2 150.469 249.506 0 86208 640.08 152.4
11259138 427261 3.72044e+06 10972.8 45 254.65 0 86208 640.08 152.4
11259136 413054 3.69946e+06 30899.1 3.13269e-11 61.7333 0 86209 640.08 152.4
11259137 381948 3.71406e+06 10363.2 150.469 249.506 0 86209 640.08 152.4
11259138 427443 3.72062e+06 10972.8 45 254.65 0 86209 640.08 152.4
11259136 413118 3.69946e+06 30899.1 3.13269e-11 61.7333 0 86210 640.08 152.4
11259137 381732 3.71419e+06 10363.2 150.469 249.506 0 86210 640.08 152.4
11259138 427626 3.72079e+06 10972.8 45 254.65 0 86210 640.08 152.4
