11259136 406990 3.69952e+06 30899.1 3.13269e-11 61.7333 0 81322 640.08 152.4
11259137 402420 3.7023e+06 10363.2 150.469 249.506 0 81322 640.08 152.4
11259138 410078 3.70381e+06 10972.8 45 254.65 0 81322 640.08 152.4
11259136 407054 3.69952e+06 30899.1 3.13269e-11 61.7333 0 81323 640.08 152.4
11259137 402203 3.70243e+06 10363.2 150.469 249.506 0 81323 640.08 152.4
11259138 410261 3.70399e+06 10972.8 45 254.65 0 81323 640.08 152.4
11259136 407118 3.69952e+06 30899.1 3.13269e-11 61.7333 0 81324 640.08 152.4
11259137 401988 3.70255e+06 10363.2 150.469 249.506 0 81324 640.08 152.4
11259138 410444 3.70417e+06 10972.8 45 254.65 0 81324 640.08 152.4
11259136 407182 3.69952e+06 30899.1 3.13269e-11 61.7333 0 81325 640.08 152.4
11259137 401771 3.70267e+06 10363.2 150.469 249.506 0 81325 640.08 152.4
11259138 410628 3.70434e+06 10972.8 45 254.65 0 81325 640.08 152.4
11259136 407246 3.69952e+06 30899.1 3.13269e-11 61.7333 0 81326 640.08 152.4
11259137 401555 3.7028e+06 10363.2 150.469 249.506 0 81326 640.08 152.4
11259138 410811 3.70452e+06 10972.8 45 254.65 0 81326 640.08 152.4
11259136 407309 3.69951e+06 30899.1 3.13269e-11 61.7333 0 81327 640.08 152.4
11259137 401341 3.70292e+06 10363.2 150.469 249.506 0 81327 640.08 152.4
11259136 407373 3.69951e+06 30899.1 3.13269e-11 61.7333 0 81328 640.08 152.4
11259137 401125 3.70305e+06 10363.2 150.469 249.506 0 81328 640.08 152.4
11259138 411177 3.70487e+06 10972.8 45 254.65 0 81328 640.08 152.4
11259136 407437 3.69951e+06 30899.1 3.13269e-11 61.7333 0 81329 640.08 152.4
11259137 400909 3.70317e+06 10363.2 150.469 249.506 0 81329 640.08 152.4
11259138 411360 3.70505e+06 10972.8 45 254.65 0 81329 640.08 152.4
11259136 407501 3.69951e+06 30899.1 3.13269e-11 61.7333 0 81330 640.08 152.4
11259137 400692 3.70329e+06 10363.2 150.469 249.506 0 81330 640.08 152.4
11259138 411543 3.70523e+06 10972.8 45 254.65 0 81330 640.08 152.4
11259136 407565 3.69951e+06 30899.1 3.13269e-11 61.7333 0 81331 640.08 152.4
11259137 400477 3.70342e+06 10363.2 150.469 249.506 0 81331 640.08 152.4
11259138 411726 3.7054e+06 10972.8 45 254.65 0 81331 640.08 152.4
11259136 407629 3.69951e+06 30899.1 3.13269e-11 61.7333 0 81332 640.08 152.4
11259137 400263 3.70354e+06 10363.2 150.469 249.506 0 81332 640.08 152.4
11259138 411909 3.70558e+06 10972.8 45 254.65 0 81332 640.08 152.4
11259136 407692 3.69951e+06 30899.1 3.13269e-11 61.7333 0 81333 640.08 152.4
11259137 400046 3.70366e+06 10363.2 150.469 249.506 0 81333 640.08 152.4
11259138 412092 3.70576e+06 10972.8 45 254.65 0 81333 640.08 152.4
11259136 407756 3.69951e+06 30899.1 3.13269e-11 61.7333 0 81334 640.08 152.4
11259137 399830 3.70379e+06 10363.2 150.469 249.506 0 81334 640.08 152.4
11259138 412275 3.70593e+06 10972.8 45 254.65 0 81334 640.08 152.4
11259136 407820 3.69951e+06 30899.1 3.13269e-11 61.7333 0 81335 640.08 152.4
11259137 399614 3.70391e+06 10363.2 150.469 249.506 0 81335 640.08 152.4
11259138 412458 3.70611e+06 10972.8 45 254.65 0 81335 640.08 152.4
11259136 407884 3.69951e+06 30899.1 3.13269e-11 61.7333 0 81336 640.08 152.4
11259137 399398 3.70403e+06 10363.2 150.469 249.506 0 81336 640.08 152.4
11259138 412641 3.70629e+06 10972.8 45 254.65 0 81336 640.08 152.4
