11259136 411331 3.69948e+06 30899.1 3.13269e-11 61.7333 0 14569 640.08 152.4
11259137 387760 3.71072e+06 10363.2 150.469 249.506 0 14569 640.08 152.4
11259136 411395 3.69948e+06 30899.1 3.13269e-11 61.7333 0 14570 640.08 152.4
11259137 387545 3.71084e+06 10363.2 150.469 249.506 0 14570 640.08 152.4
11259138 422697 3.71602e+06 10972.8 45 254.65 0 14570 640.08 152.4
11259136 411459 3.69948e+06 30899.1 3.13269e-11 61.7333 0 14571 640.08 152.4
11259137 387331 3.71096e+06 10363.2 150.469 249.506 0 14571 640.08 152.4
11259138 422880 3.71619e+06 10972.8 45 254.65 0 14571 640.08 152.4
11259136 411522 3.69948e+06 30899.1 3.13269e-11 61.7333 0 14572 640.08 152.4
11259137 387115 3.71109e+06 10363.2 150.469 249.506 0 14572 640.08 152.4
11259138 423062 3.71637e+06 10972.8 45 254.65 0 14572 640.08 152.4
11259136 411586 3.69947e+06 30899.1 3.13269e-11 61.7333 0 14573 640.08 152.4
11259137 386899 3.71121e+06 10363.2 150.469 249.506 0 14573 640.08 152.4
11259136 411650 3.69947e+06 30899.1 3.13269e-11 61.7333 0 14574 640.08 152.4
11259137 386683 3.71133e+06 10363.2 150.469 249.506 0 14574 640.08 152.4
11259138 423428 3.71672e+06 10972.8 45 254.65 0 14574 640.08 152.4
11259136 411714 3.69947e+06 30899.1 3.13269e-11 61.7333 0 14575 640.08 152.4
11259137 386468 3.71146e+06 10363.2 150.469 249.506 0 14575 640.08 152.4
11259138 423610 3.7169e+06 10972.8 45 254.65 0 14575 640.08 152.4
11259136 411778 3.69947e+06 30899.1 3.13269e-11 61.7333 0 14576 640.08 152.4
11259137 386254 3.71158e+06 10363.2 150.469 249.506 0 14576 640.08 152.4
11259138 423792 3.71708e+06 10972.8 45 254.65 0 14576 640.08 152.4
11259136 411842 3.69947e+06 30899.1 3.13269e-11 61.7333 0 14577 640.08 152.4
11259137 386038 3.71171e+06 10363.2 150.469 249.506 0 14577 640.08 152.4
11259138 423975 3.71725e+06 10972.8 45 254.65 0 14577 640.08 152.4
11259136 411905 3.69947e+06 30899.1 3.13269e-11 61.7333 0 14578 640.08 152.4
11259137 385822 3.71183e+06 10363.2 150.469 249.506 0 14578 640.08 152.4
11259138 424157 3.71743e+06 10972.8 45 254.65 0 14578 640.08 152.4
11259136 411969 3.69947e+06 30899.1 3.13269e-11 61.7333 0 14579 640.08 152.4
11259137 385606 3.71195e+06 10363.2 150.469 249.506 0 14579 640.08 152.4
11259138 424340 3.71761e+06 10972.8 45 254.65 0 14579 640.08 152.4
11259136 412033 3.69947e+06 30899.1 3.13269e-11 61.7333 0 14580 640.08 152.4
11259137 385391 3.71208e+06 10363.2 150.469 249.506 0 14580 640.08 152.4
11259138 424523 3.71779e+06 10972.8 45 254.65 0 14580 640.08 152.4
11259136 412097 3.69947e+06 30899.1 3.13269e-11 61.7333 0 14581 640.08 152.4
11259137 385177 3.7122e+06 10363.2 150.469 249.506 0 14581 640.08 152.4
11259136 412161 3.69947e+06 30899.1 3.13269e-11 61.7333 0 14582 640.08 152.4
11259137 384961 3.71233e+06 10363.2 150.469 249.506 0 14582 640.08 152.4
11259136 412225 3.69947e+06 30899.1 3.13269e-11 61.7333 0 14583 640.08 152.4
11259137 384746 3.71245e+06 10363.2 150.469 249.506 0 14583 640.08 152.4
11259136 412288 3.69947e+06 30899.1 3.13269e-11 61.7333 0 14584 640.08 152.4
11259137 384530 3.71257e+06 10363.2 150.469 249.506 0 14584 640.08 152.4
11259136 412352 3.69947e+06 30899.1 3.13269e-11 61.7333 0 14585 640.08 152.4
11259137 384315 3.7127e+06 10363.2 150.469 249.506 0 14585 640.08 152.4
11259136 412416 3.69947e+06 30899.1 3.13269e-11 61.7333 0 14586 640.08 152.4
11259137 384101 3.71282e+06 10363.2 150.469 249.506 0 14586 640.08 152.4
11259138 425618 3.71885e+06 10972.8 45 254.65 0 14586 640.08 152.4
11259136 412480 3.69947e+06 30899.1 3.13269e-11 61.7333 0 14587 640.08 152.4
11259138 425801 3.71902e+06 10972.8 45 254.65 0 14587 640.08 152.4
11259136 412544 3.69947e+06 30899.1 3.13269e-11 61.7333 0 14588 640.08 152.4
11259137 383669 3.71307e+06 10363.2 150.469 249.506 0 14588 640.08 152.4
11259138 425983 3.7192e+06 10972.8 45 254.65 0 14588 640.08 152.4
11259136 412608 3.69947e+06 30899.1 3.13269e-11 61.7333 0 14589 640.08 152.4
11259137 383453 3.71319e+06 10363.2 150.469 249.506 0 14589 640.08 152.4
11259138 426166 3.71938e+06 10972.8 45 254.65 0 14589 640.08 152.4
11259136 412671 3.69946e+06 30899.1 3.13269e-11 61.7333 0 14590 640.08 152.4
11259137 383238 3.71332e+06 10363.2 150.469 249.506 0 14590 640.08 152.4
11259138 426348 3.71956e+06 10972.8 45 254.65 0 14590 640.08 152.4
11259136 412735 3.69946e+06 30899.1 3.13269e-11 61.7333 0 14591 640.08 152.4
11259137 383024 3.71344e+06 10363.2 150.469 249.506 0 14591 640.08 152.4
11259138 426530 3.71973e+06 10972.8 45 254.65 0 14591 640.08 152.4
11259136 412799 3.69946e+06 30899.1 3.13269e-11 61.7333 0 14592 640.08 152.4
11259137 382808 3.71357e+06 10363.2 150.469 249.506 0 14592 640.08 152.4
11259138 426713 3.71991e+06 10972.8 45 254.65 0 14592 640.08 152.4
11259136 412863 3.69946e+06 30899.1 3.13269e-11 61.7333 0 14639 640.08 152.4
11259137 382593 3.71369e+06 10363.2 150.469 249.506 0 14639 640.08 152.4
11259138 426896 3.72009e+06 10972.8 45 254.65 0 14639 640.08 152.4
11259136 412927 3.69946e+06 30899.1 3.13269e-11 61.7333 0 14640 640.08 152.4
11259137 382377 3.71381e+06 10363.2 150.469 249.506 0 14640 640.08 152.4
11259138 427078 3.72026e+06 10972.8 45 254.65 0 14640 640.08 152.4
11259136 412991 3.69946e+06 30899.1 3.13269e-11 61.7333 0 14641 640.08 152.4
11259137 382162 3.71394e+06 10363.2 150.469 249.506 0 14641 640.08 152.4
11259138 427261 3.72044e+06 10972.8 45 254.65 0 14641 640.08 152.4
11259136 413054 3.69946e+06 30899.1 3.13269e-11 61.7333 0 14642 640.08 152.4
11259137 381948 3.71406e+06 10363.2 150.469 249.506 0 14642 640.08 152.4
11259138 427443 3.72062e+06 10972.8 45 254.65 0 14642 640.08 152.4
11259136 413118 3.69946e+06 30899.1 3.13269e-11 61.7333 0 14643 640.08 152.4
11259137 381732 3.71419e+06 10363.2 150.469 249.506 0 14643 640.08 152.4
11259138 427626 3.72079e+06 10972.8 45 254.65 0 14643 640.08 152.4
11259136 413182 3.69946e+06 30899.1 3.13269e-11 61.7333 0 14644 640.08 152.4
11259137 381517 3.71431e+06 10363.2 150.469 249.506 0 14644 640.08 152.4
11259138 427808 3.72097e+06 10972.8 45 254.65 0 14644 640.08 152.4
11259136 413246 3.69946e+06 30899.1 3.13269e-11 61.7333 0 14649 640.08 152.4
11259137 381301 3.71443e+06 10363.2 150.469 249.506 0 14649 640.08 152.4
11259138 427991 3.72115e+06 10972.8 45 254.65 0 14649 640.08 152.4
11259136 413310 3.69946e+06 30899.1 3.13269e-11 61.7333 0 14650 640.08 152.4
11259137 381086 3.71456e+06 10363.2 150.469 249.506 0 14650 640.08 152.4
11259138 428173 3.72133e+06 10972.8 45 254.65 0 14650 640.08 152.4
11259136 413374 3.69946e+06 30899.1 3.13269e-11 61.7333 0 14651 640.08 152.4
11259137 380872 3.71468e+06 10363.2 150.469 249.506 0 14651 640.08 152.4
11259138 428356 3.7215e+06 10972.8 45 254.65 0 14651 640.08 152.4
11259136 413437 3.69946e+06 30899.1 3.13269e-11 61.7333 0 14652 640.08 152.4
11259137 380656 3.71481e+06 10363.2 150.469 249.506 0 14652 640.08 152.4
11259138 428538 3.72168e+06 10972.8 45 254.65 0 14652 640.08 152.4
11259136 413501 3.69946e+06 30899.1 3.13269e-11 61.7333 0 14653 640.08 152.4
11259137 380441 3.71493e+06 10363.2 150.469 249.506 0 14653 640.08 152.4
11259138 428721 3.72186e+06 10972.8 45 254.65 0 14653 640.08 152.4
11259136 413565 3.69946e+06 30899.1 3.13269e-11 61.7333 0 14654 640.08 152.4
11259137 380225 3.71505e+06 10363.2 150.469 249.506 0 14654 640.08 152.4
11259138 428903 3.72203e+06 10972.8 45 254.65 0 14654 640.08 152.4
11259136 413629 3.69946e+06 30899.1 3.13269e-11 61.7333 0 14655 640.08 152.4
11259137 380010 3.71518e+06 10363.2 150.469 249.506 0 14655 640.08 152.4
11259138 429085 3.72221e+06 10972.8 45 254.65 0 14655 640.08 152.4
11259136 413693 3.69946e+06 30899.1 3.13269e-11 61.7333 0 14656 640.08 152.4
11259137 379796 3.7153e+06 10363.2 150.469 249.506 0 14656 640.08 152.4
11259138 429268 3.72239e+06 10972.8 45 254.65 0 14656 640.08 152.4
11259136 413757 3.69946e+06 30899.1 3.13269e-11 61.7333 0 14657 640.08 152.4
11259137 379580 3.71543e+06 10363.2 150.469 249.506 0 14657 640.08 152.4
11259138 429450 3.72257e+06 10972.8 45 254.65 0 14657 640.08 152.4
11259136 413820 3.69945e+06 30899.1 3.13269e-11 61.7333 0 14658 640.08 152.4
11259137 379365 3.71555e+06 10363.2 150.469 249.506 0 14658 640.08 152.4
11259138 429632 3.72274e+06 10972.8 45 254.65 0 14658 640.08 152.4
11259136 413884 3.69945e+06 30899.1 3.13269e-11 61.7333 0 14659 640.08 152.4
11259137 379149 3.71567e+06 10363.2 150.469 249.506 0 14659 640.08 152.4
11259138 429815 3.72292e+06 10972.8 45 254.65 0 14659 640.08 152.4
11259136 413948 3.69945e+06 30899.1 3.13269e-11 61.7333 0 14660 640.08 152.4
11259137 378934 3.7158e+06 10363.2 150.469 249.506 0 14660 640.08 152.4
11259138 429997 3.7231e+06 10972.8 45 254.65 0 14660 640.08 152.4
11259136 414012 3.69945e+06 30899.1 3.13269e-11 61.7333 0 14662 640.08 152.4
11259137 378720 3.71592e+06 10363.2 150.469 249.506 0 14662 640.08 152.4
11259138 430179 3.72327e+06 10972.8 45 254.65 0 14662 640.08 152.4
11259136 414076 3.69945e+06 30899.1 3.13269e-11 61.7333 0 14663 640.08 152.4
11259137 378504 3.71605e+06 10363.2 150.469 249.506 0 14663 640.08 152.4
11259138 430362 3.72345e+06 10972.8 45 254.65 0 14663 640.08 152.4
11259136 414140 3.69945e+06 30899.1 3.13269e-11 61.7333 0 14664 640.08 152.4
11259137 378289 3.71617e+06 10363.2 150.469 249.506 0 14664 640.08 152.4
11259138 430544 3.72363e+06 10972.8 45 254.65 0 14664 640.08 152.4
11259136 414203 3.69945e+06 30899.1 3.13269e-11 61.7333 0 14665 640.08 152.4
11259137 378073 3.71629e+06 10363.2 150.469 249.506 0 14665 640.08 152.4
11259138 430727 3.72381e+06 10972.8 45 254.65 0 14665 640.08 152.4
11259136 414267 3.69945e+06 30899.1 3.13269e-11 61.7333 0 14666 640.08 152.4
11259137 377858 3.71642e+06 10363.2 150.469 249.506 0 14666 640.08 152.4
11259138 430909 3.72398e+06 10972.8 45 254.65 0 14666 640.08 152.4
11259136 414331 3.69945e+06 30899.1 3.13269e-11 61.7333 0 14667 640.08 152.4
11259137 377645 3.71654e+06 10363.2 150.469 249.506 0 14667 640.08 152.4
11259138 431091 3.72416e+06 10972.8 45 254.65 0 14667 640.08 152.4
11259136 414523 3.69945e+06 30899.1 3.13269e-11 61.7333 0 14670 640.08 152.4
11259137 376998 3.71691e+06 10363.2 150.469 249.506 0 14670 640.08 152.4
11259138 431639 3.72469e+06 10972.8 45 254.65 0 14670 640.08 152.4
11259136 414586 3.69945e+06 30899.1 3.13269e-11 61.7333 0 14671 640.08 152.4
11259137 376783 3.71704e+06 10363.2 150.469 249.506 0 14671 640.08 152.4
11259138 431821 3.72487e+06 10972.8 45 254.65 0 14671 640.08 152.4
11259136 414650 3.69945e+06 30899.1 3.13269e-11 61.7333 0 14672 640.08 152.4
11259137 376569 3.71716e+06 10363.2 150.469 249.506 0 14672 640.08 152.4
11259138 432003 3.72505e+06 10972.8 45 254.65 0 14672 640.08 152.4
11259136 414714 3.69945e+06 30899.1 3.13269e-11 61.7333 0 14673 640.08 152.4
11259137 376353 3.71729e+06 10363.2 150.469 249.506 0 14673 640.08 152.4
11259138 432185 3.72522e+06 10972.8 45 254.65 0 14673 640.08 152.4
11259136 414778 3.69945e+06 30899.1 3.13269e-11 61.7333 0 14674 640.08 152.4
11259137 376138 3.71741e+06 10363.2 150.469 249.506 0 14674 640.08 152.4
11259138 432367 3.7254e+06 10972.8 45 254.65 0 14674 640.08 152.4
11259136 414842 3.69945e+06 30899.1 3.13269e-11 61.7333 0 14675 640.08 152.4
11259137 375922 3.71754e+06 10363.2 150.469 249.506 0 14675 640.08 152.4
11259138 432550 3.72558e+06 10972.8 45 254.65 0 14675 640.08 152.4
11259136 414906 3.69945e+06 30899.1 3.13269e-11 61.7333 0 14676 640.08 152.4
11259137 375707 3.71766e+06 10363.2 150.469 249.506 0 14676 640.08 152.4
11259138 432732 3.72575e+06 10972.8 45 254.65 0 14676 640.08 152.4
11259136 414969 3.69944e+06 30899.1 3.13269e-11 61.7333 0 14677 640.08 152.4
11259137 375494 3.71778e+06 10363.2 150.469 249.506 0 14677 640.08 152.4
11259138 432914 3.72593e+06 10972.8 45 254.65 0 14677 640.08 152.4
11259136 415033 3.69944e+06 30899.1 3.13269e-11 61.7333 0 14678 640.08 152.4
11259137 375278 3.71791e+06 10363.2 150.469 249.506 0 14678 640.08 152.4
11259138 433096 3.72611e+06 10972.8 45 254.65 0 14678 640.08 152.4
11259136 415097 3.69944e+06 30899.1 3.13269e-11 61.7333 0 14679 640.08 152.4
11259137 375063 3.71803e+06 10363.2 150.469 249.506 0 14679 640.08 152.4
11259138 433279 3.72629e+06 10972.8 45 254.65 0 14679 640.08 152.4
11259136 415161 3.69944e+06 30899.1 3.13269e-11 61.7333 0 14680 640.08 152.4
11259137 374847 3.71816e+06 10363.2 150.469 249.506 0 14680 640.08 152.4
11259138 433461 3.72646e+06 10972.8 45 254.65 0 14680 640.08 152.4
11259136 415225 3.69944e+06 30899.1 3.13269e-11 61.7333 0 14681 640.08 152.4
11259137 374632 3.71828e+06 10363.2 150.469 249.506 0 14681 640.08 152.4
11259138 433643 3.72664e+06 10972.8 45 254.65 0 14681 640.08 152.4
11259136 415289 3.69944e+06 30899.1 3.13269e-11 61.7333 0 14682 640.08 152.4
11259137 374418 3.7184e+06 10363.2 150.469 249.506 0 14682 640.08 152.4
11259138 433826 3.72682e+06 10972.8 45 254.65 0 14682 640.08 152.4
11259136 415352 3.69944e+06 30899.1 3.13269e-11 61.7333 0 14683 640.08 152.4
11259137 374203 3.71853e+06 10363.2 150.469 249.506 0 14683 640.08 152.4
11259138 434008 3.72699e+06 10972.8 45 254.65 0 14683 640.08 152.4
11259136 415416 3.69944e+06 30899.1 3.13269e-11 61.7333 0 14684 640.08 152.4
11259137 373988 3.71865e+06 10363.2 150.469 249.506 0 14684 640.08 152.4
11259138 434190 3.72717e+06 10972.8 45 254.65 0 14684 640.08 152.4
11259136 415480 3.69944e+06 30899.1 3.13269e-11 61.7333 0 14685 640.08 152.4
11259137 373772 3.71878e+06 10363.2 150.469 249.506 0 14685 640.08 152.4
11259138 434372 3.72735e+06 10972.8 45 254.65 0 14685 640.08 152.4
11259137 373557 3.7189e+06 10363.2 150.469 249.506 0 14686 640.08 152.4
11259138 434555 3.72753e+06 10972.8 45 254.65 0 14686 640.08 152.4
11259136 415608 3.69944e+06 30899.1 3.13269e-11 61.7333 0 14687 640.08 152.4
11259137 373343 3.71903e+06 10363.2 150.469 249.506 0 14687 640.08 152.4
11259138 434737 3.7277e+06 10972.8 45 254.65 0 14687 640.08 152.4
11259136 415672 3.69944e+06 30899.1 3.13269e-11 61.7333 0 14688 640.08 152.4
11259137 373127 3.71915e+06 10363.2 150.469 249.506 0 14688 640.08 152.4
11259138 434919 3.72788e+06 10972.8 45 254.65 0 14688 640.08 152.4
11259136 415735 3.69944e+06 30899.1 3.13269e-11 61.7333 0 14689 640.08 152.4
11259137 372912 3.71927e+06 10363.2 150.469 249.506 0 14689 640.08 152.4
11259138 435101 3.72806e+06 10972.8 45 254.65 0 14689 640.08 152.4
11259136 415799 3.69944e+06 30899.1 3.13269e-11 61.7333 0 14690 640.08 152.4
11259137 372697 3.7194e+06 10363.2 150.469 249.506 0 14690 640.08 152.4
11259136 415863 3.69944e+06 30899.1 3.13269e-11 61.7333 0 14691 640.08 152.4
11259137 372482 3.71952e+06 10363.2 150.469 249.506 0 14691 640.08 152.4
11259138 435465 3.72841e+06 10972.8 45 254.65 0 14691 640.08 152.4
11259136 415927 3.69944e+06 30899.1 3.13269e-11 61.7333 0 14692 640.08 152.4
11259137 372268 3.71965e+06 10363.2 150.469 249.506 0 14692 640.08 152.4
11259138 435647 3.72859e+06 10972.8 45 254.65 0 14692 640.08 152.4
11259136 415991 3.69944e+06 30899.1 3.13269e-11 61.7333 0 14693 640.08 152.4
11259137 372052 3.71977e+06 10363.2 150.469 249.506 0 14693 640.08 152.4
11259138 435830 3.72877e+06 10972.8 45 254.65 0 14693 640.08 152.4
11259136 416055 3.69944e+06 30899.1 3.13269e-11 61.7333 0 14694 640.08 152.4
11259137 371837 3.7199e+06 10363.2 150.469 249.506 0 14694 640.08 152.4
11259138 436012 3.72894e+06 10972.8 45 254.65 0 14694 640.08 152.4
11259136 416118 3.69943e+06 30899.1 3.13269e-11 61.7333 0 14695 640.08 152.4
11259137 371622 3.72002e+06 10363.2 150.469 249.506 0 14695 640.08 152.4
11259138 436194 3.72912e+06 10972.8 45 254.65 0 14695 640.08 152.4
11259136 416182 3.69943e+06 30899.1 3.13269e-11 61.7333 0 14803 640.08 152.4
11259137 371407 3.72014e+06 10363.2 150.469 249.506 0 14803 640.08 152.4
11259138 436376 3.7293e+06 10972.8 45 254.65 0 14803 640.08 152.4
11259136 416246 3.69943e+06 30899.1 3.13269e-11 61.7333 0 14804 640.08 152.4
11259137 371193 3.72027e+06 10363.2 150.469 249.506 0 14804 640.08 152.4
11259138 436558 3.72948e+06 10972.8 45 254.65 0 14804 640.08 152.4
11259136 416310 3.69943e+06 30899.1 3.13269e-11 61.7333 0 14805 640.08 152.4
11259137 370978 3.72039e+06 10363.2 150.469 249.506 0 14805 640.08 152.4
11259138 436741 3.72965e+06 10972.8 45 254.65 0 14805 640.08 152.4
11259136 416374 3.69943e+06 30899.1 3.13269e-11 61.7333 0 14806 640.08 152.4
11259137 370763 3.72052e+06 10363.2 150.469 249.506 0 14806 640.08 152.4
11259138 436923 3.72983e+06 10972.8 45 254.65 0 14806 640.08 152.4
11259136 416438 3.69943e+06 30899.1 3.13269e-11 61.7333 0 14807 640.08 152.4
11259137 370547 3.72064e+06 10363.2 150.469 249.506 0 14807 640.08 152.4
11259138 437105 3.73001e+06 10972.8 45 254.65 0 14807 640.08 152.4
11259136 416501 3.69943e+06 30899.1 3.13269e-11 61.7333 0 14808 640.08 152.4
11259137 370332 3.72076e+06 10363.2 150.469 249.506 0 14808 640.08 152.4
11259138 437287 3.73018e+06 10972.8 45 254.65 0 14808 640.08 152.4
11259136 416565 3.69943e+06 30899.1 3.13269e-11 61.7333 0 14810 640.08 152.4
11259137 370119 3.72089e+06 10363.2 150.469 249.506 0 14810 640.08 152.4
11259138 437469 3.73036e+06 10972.8 45 254.65 0 14810 640.08 152.4
11259136 416629 3.69943e+06 30899.1 3.13269e-11 61.7333 0 14811 640.08 152.4
11259137 369903 3.72101e+06 10363.2 150.469 249.506 0 14811 640.08 152.4
11259138 437651 3.73054e+06 10972.8 45 254.65 0 14811 640.08 152.4
11259136 416693 3.69943e+06 30899.1 3.13269e-11 61.7333 0 14812 640.08 152.4
11259137 369688 3.72114e+06 10363.2 150.469 249.506 0 14812 640.08 152.4
11259138 437833 3.73072e+06 10972.8 45 254.65 0 14812 640.08 152.4
11259136 416757 3.69943e+06 30899.1 3.13269e-11 61.7333 0 14813 640.08 152.4
11259137 369472 3.72126e+06 10363.2 150.469 249.506 0 14813 640.08 152.4
11259138 438015 3.73089e+06 10972.8 45 254.65 0 14813 640.08 152.4
11259136 416821 3.69943e+06 30899.1 3.13269e-11 61.7333 0 14814 640.08 152.4
11259137 369257 3.72139e+06 10363.2 150.469 249.506 0 14814 640.08 152.4
11259138 438197 3.73107e+06 10972.8 45 254.65 0 14814 640.08 152.4
11259136 416884 3.69943e+06 30899.1 3.13269e-11 61.7333 0 14815 640.08 152.4
11259137 369044 3.72151e+06 10363.2 150.469 249.506 0 14815 640.08 152.4
11259138 438379 3.73125e+06 10972.8 45 254.65 0 14815 640.08 152.4
11259136 416948 3.69943e+06 30899.1 3.13269e-11 61.7333 0 14816 640.08 152.4
11259137 368828 3.72163e+06 10363.2 150.469 249.506 0 14816 640.08 152.4
11259138 438561 3.73143e+06 10972.8 45 254.65 0 14816 640.08 152.4
11259136 417012 3.69943e+06 30899.1 3.13269e-11 61.7333 0 14817 640.08 152.4
11259137 368613 3.72176e+06 10363.2 150.469 249.506 0 14817 640.08 152.4
11259138 438743 3.7316e+06 10972.8 45 254.65 0 14817 640.08 152.4
11259136 417076 3.69943e+06 30899.1 3.13269e-11 61.7333 0 14818 640.08 152.4
11259137 368398 3.72188e+06 10363.2 150.469 249.506 0 14818 640.08 152.4
11259138 438925 3.73178e+06 10972.8 45 254.65 0 14818 640.08 152.4
11259136 417140 3.69943e+06 30899.1 3.13269e-11 61.7333 0 14819 640.08 152.4
11259137 368183 3.72201e+06 10363.2 150.469 249.506 0 14819 640.08 152.4
11259138 439108 3.73196e+06 10972.8 45 254.65 0 14819 640.08 152.4
11259136 417204 3.69943e+06 30899.1 3.13269e-11 61.7333 0 14820 640.08 152.4
11259137 367969 3.72213e+06 10363.2 150.469 249.506 0 14820 640.08 152.4
11259138 439290 3.73213e+06 10972.8 45 254.65 0 14820 640.08 152.4
11259136 417267 3.69942e+06 30899.1 3.13269e-11 61.7333 0 14821 640.08 152.4
11259137 367754 3.72226e+06 10363.2 150.469 249.506 0 14821 640.08 152.4
11259138 439472 3.73231e+06 10972.8 45 254.65 0 14821 640.08 152.4
11259136 417331 3.69942e+06 30899.1 3.13269e-11 61.7333 0 14822 640.08 152.4
11259137 367539 3.72238e+06 10363.2 150.469 249.506 0 14822 640.08 152.4
11259136 417395 3.69942e+06 30899.1 3.13269e-11 61.7333 0 14823 640.08 152.4
11259137 367323 3.72251e+06 10363.2 150.469 249.506 0 14823 640.08 152.4
11259138 439836 3.73267e+06 10972.8 45 254.65 0 14823 640.08 152.4
11259136 417459 3.69942e+06 30899.1 3.13269e-11 61.7333 0 14824 640.08 152.4
11259137 367109 3.72263e+06 10363.2 150.469 249.506 0 14824 640.08 152.4
11259138 440018 3.73284e+06 10972.8 45 254.65 0 14824 640.08 152.4
11259136 417523 3.69942e+06 30899.1 3.13269e-11 61.7333 0 14825 640.08 152.4
11259137 366895 3.72275e+06 10363.2 150.469 249.506 0 14825 640.08 152.4
11259138 440200 3.73302e+06 10972.8 45 254.65 0 14825 640.08 152.4
