11259136 409161 3.6995e+06 30899.1 3.13269e-11 61.7333 0 85638 640.08 152.4
11259137 395086 3.70651e+06 10363.2 150.469 249.506 0 85638 640.08 152.4
11259138 416300 3.70982e+06 10972.8 45 254.65 0 85638 640.08 152.4
11259136 409224 3.6995e+06 30899.1 3.13269e-11 61.7333 0 85639 640.08 152.4
11259137 394872 3.70663e+06 10363.2 150.469 249.506 0 85639 640.08 152.4
11259138 416483 3.71e+06 10972.8 45 254.65 0 85639 640.08 152.4
11259136 409288 3.6995e+06 30899.1 3.13269e-11 61.7333 0 85640 640.08 152.4
11259137 394656 3.70675e+06 10363.2 150.469 249.506 0 85640 640.08 152.4
11259138 416666 3.71018e+06 10972.8 45 254.65 0 85640 640.08 152.4
11259136 409352 3.6995e+06 30899.1 3.13269e-11 61.7333 0 85641 640.08 152.4
11259137 394440 3.70688e+06 10363.2 150.469 249.506 0 85641 640.08 152.4
11259138 416849 3.71035e+06 10972.8 45 254.65 0 85641 640.08 152.4
11259136 409416 3.69949e+06 30899.1 3.13269e-11 61.7333 0 85642 640.08 152.4
11259137 394224 3.707e+06 10363.2 150.469 249.506 0 85642 640.08 152.4
11259138 417032 3.71053e+06 10972.8 45 254.65 0 85642 640.08 152.4
