11259136 413501 3.69946e+06 30899.1 3.13269e-11 61.7333 0 21796 640.08 152.4
11259137 380441 3.71493e+06 10363.2 150.469 249.506 0 21796 640.08 152.4
11259138 428721 3.72186e+06 10972.8 45 254.65 0 21796 640.08 152.4
11259136 413565 3.69946e+06 30899.1 3.13269e-11 61.7333 0 21797 640.08 152.4
11259137 380225 3.71505e+06 10363.2 150.469 249.506 0 21797 640.08 152.4
11259138 428903 3.72203e+06 10972.8 45 254.65 0 21797 640.08 152.4
11259136 413629 3.69946e+06 30899.1 3.13269e-11 61.7333 0 21798 640.08 152.4
11259137 380010 3.71518e+06 10363.2 150.469 249.506 0 21798 640.08 152.4
11259138 429085 3.72221e+06 10972.8 45 254.65 0 21798 640.08 152.4
11259136 413693 3.69946e+06 30899.1 3.13269e-11 61.7333 0 21799 640.08 152.4
11259137 379796 3.7153e+06 10363.2 150.469 249.506 0 21799 640.08 152.4
11259138 429268 3.72239e+06 10972.8 45 254.65 0 21799 640.08 152.4
11259136 413757 3.69946e+06 30899.1 3.13269e-11 61.7333 0 21800 640.08 152.4
11259137 379580 3.71543e+06 10363.2 150.469 249.506 0 21800 640.08 152.4
11259138 429450 3.72257e+06 10972.8 45 254.65 0 21800 640.08 152.4
11259137 379365 3.71555e+06 10363.2 150.469 249.506 0 21801 640.08 152.4
11259138 429632 3.72274e+06 10972.8 45 254.65 0 21801 640.08 152.4
11259136 413884 3.69945e+06 30899.1 3.13269e-11 61.7333 0 21802 640.08 152.4
11259137 379149 3.71567e+06 10363.2 150.469 249.506 0 21802 640.08 152.4
11259138 429815 3.72292e+06 10972.8 45 254.65 0 21802 640.08 152.4
11259136 413948 3.69945e+06 30899.1 3.13269e-11 61.7333 0 21803 640.08 152.4
11259137 378934 3.7158e+06 10363.2 150.469 249.506 0 21803 640.08 152.4
11259138 429997 3.7231e+06 10972.8 45 254.65 0 21803 640.08 152.4
11259136 414012 3.69945e+06 30899.1 3.13269e-11 61.7333 0 21804 640.08 152.4
11259137 378720 3.71592e+06 10363.2 150.469 249.506 0 21804 640.08 152.4
11259136 414076 3.69945e+06 30899.1 3.13269e-11 61.7333 0 21805 640.08 152.4
11259137 378504 3.71605e+06 10363.2 150.469 249.506 0 21805 640.08 152.4
11259138 430362 3.72345e+06 10972.8 45 254.65 0 21805 640.08 152.4
11259136 414140 3.69945e+06 30899.1 3.13269e-11 61.7333 0 21806 640.08 152.4
11259137 378289 3.71617e+06 10363.2 150.469 249.506 0 21806 640.08 152.4
11259138 430544 3.72363e+06 10972.8 45 254.65 0 21806 640.08 152.4
11259136 414203 3.69945e+06 30899.1 3.13269e-11 61.7333 0 21807 640.08 152.4
11259137 378073 3.71629e+06 10363.2 150.469 249.506 0 21807 640.08 152.4
11259138 430727 3.72381e+06 10972.8 45 254.65 0 21807 640.08 152.4
11259136 414267 3.69945e+06 30899.1 3.13269e-11 61.7333 0 21808 640.08 152.4
11259137 377858 3.71642e+06 10363.2 150.469 249.506 0 21808 640.08 152.4
11259138 430909 3.72398e+06 10972.8 45 254.65 0 21808 640.08 152.4
11259136 414331 3.69945e+06 30899.1 3.13269e-11 61.7333 0 21809 640.08 152.4
11259137 377645 3.71654e+06 10363.2 150.469 249.506 0 21809 640.08 152.4
11259138 431091 3.72416e+06 10972.8 45 254.65 0 21809 640.08 152.4
11259136 414395 3.69945e+06 30899.1 3.13269e-11 61.7333 0 21810 640.08 152.4
11259137 377429 3.71667e+06 10363.2 150.469 249.506 0 21810 640.08 152.4
11259138 431274 3.72434e+06 10972.8 45 254.65 0 21810 640.08 152.4
11259136 414459 3.69945e+06 30899.1 3.13269e-11 61.7333 0 21811 640.08 152.4
11259137 377214 3.71679e+06 10363.2 150.469 249.506 0 21811 640.08 152.4
11259138 431456 3.72451e+06 10972.8 45 254.65 0 21811 640.08 152.4
11259136 414523 3.69945e+06 30899.1 3.13269e-11 61.7333 0 21812 640.08 152.4
11259137 376998 3.71691e+06 10363.2 150.469 249.506 0 21812 640.08 152.4
11259138 431639 3.72469e+06 10972.8 45 254.65 0 21812 640.08 152.4
11259136 414586 3.69945e+06 30899.1 3.13269e-11 61.7333 0 21813 640.08 152.4
11259137 376783 3.71704e+06 10363.2 150.469 249.506 0 21813 640.08 152.4
11259138 431821 3.72487e+06 10972.8 45 254.65 0 21813 640.08 152.4
11259136 414650 3.69945e+06 30899.1 3.13269e-11 61.7333 0 21814 640.08 152.4
11259137 376569 3.71716e+06 10363.2 150.469 249.506 0 21814 640.08 152.4
11259138 432003 3.72505e+06 10972.8 45 254.65 0 21814 640.08 152.4
11259136 414714 3.69945e+06 30899.1 3.13269e-11 61.7333 0 21815 640.08 152.4
11259137 376353 3.71729e+06 10363.2 150.469 249.506 0 21815 640.08 152.4
11259138 432185 3.72522e+06 10972.8 45 254.65 0 21815 640.08 152.4
11259136 414778 3.69945e+06 30899.1 3.13269e-11 61.7333 0 21816 640.08 152.4
11259137 376138 3.71741e+06 10363.2 150.469 249.506 0 21816 640.08 152.4
11259138 432367 3.7254e+06 10972.8 45 254.65 0 21816 640.08 152.4
11259136 414842 3.69945e+06 30899.1 3.13269e-11 61.7333 0 21817 640.08 152.4
11259137 375922 3.71754e+06 10363.2 150.469 249.506 0 21817 640.08 152.4
11259138 432550 3.72558e+06 10972.8 45 254.65 0 21817 640.08 152.4
11259136 414906 3.69945e+06 30899.1 3.13269e-11 61.7333 0 21818 640.08 152.4
11259137 375707 3.71766e+06 10363.2 150.469 249.506 0 21818 640.08 152.4
11259138 432732 3.72575e+06 10972.8 45 254.65 0 21818 640.08 152.4
11259137 375494 3.71778e+06 10363.2 150.469 249.506 0 21819 640.08 152.4
11259138 432914 3.72593e+06 10972.8 45 254.65 0 21819 640.08 152.4
11259136 415033 3.69944e+06 30899.1 3.13269e-11 61.7333 0 21820 640.08 152.4
11259137 375278 3.71791e+06 10363.2 150.469 249.506 0 21821 640.08 152.4
11259136 415097 3.69944e+06 30899.1 3.13269e-11 61.7333 0 21822 640.08 152.4
11259137 375063 3.71803e+06 10363.2 150.469 249.506 0 21822 640.08 152.4
11259138 433279 3.72629e+06 10972.8 45 254.65 0 21822 640.08 152.4
11259136 415161 3.69944e+06 30899.1 3.13269e-11 61.7333 0 21823 640.08 152.4
11259137 374847 3.71816e+06 10363.2 150.469 249.506 0 21823 640.08 152.4
11259138 433461 3.72646e+06 10972.8 45 254.65 0 21823 640.08 152.4
11259136 415225 3.69944e+06 30899.1 3.13269e-11 61.7333 0 21824 640.08 152.4
11259137 374632 3.71828e+06 10363.2 150.469 249.506 0 21824 640.08 152.4
11259138 433643 3.72664e+06 10972.8 45 254.65 0 21824 640.08 152.4
11259136 415289 3.69944e+06 30899.1 3.13269e-11 61.7333 0 21825 640.08 152.4
11259137 374418 3.7184e+06 10363.2 150.469 249.506 0 21825 640.08 152.4
11259138 433826 3.72682e+06 10972.8 45 254.65 0 21825 640.08 152.4
11259136 415352 3.69944e+06 30899.1 3.13269e-11 61.7333 0 21826 640.08 152.4
11259137 374203 3.71853e+06 10363.2 150.469 249.506 0 21826 640.08 152.4
11259138 434008 3.72699e+06 10972.8 45 254.65 0 21826 640.08 152.4
11259136 415416 3.69944e+06 30899.1 3.13269e-11 61.7333 0 21827 640.08 152.4
11259137 373988 3.71865e+06 10363.2 150.469 249.506 0 21827 640.08 152.4
11259138 434190 3.72717e+06 10972.8 45 254.65 0 21827 640.08 152.4
11259136 415480 3.69944e+06 30899.1 3.13269e-11 61.7333 0 21828 640.08 152.4
11259137 373772 3.71878e+06 10363.2 150.469 249.506 0 21828 640.08 152.4
11259138 434372 3.72735e+06 10972.8 45 254.65 0 21828 640.08 152.4
11259136 415544 3.69944e+06 30899.1 3.13269e-11 61.7333 0 21829 640.08 152.4
11259137 373557 3.7189e+06 10363.2 150.469 249.506 0 21829 640.08 152.4
11259138 434555 3.72753e+06 10972.8 45 254.65 0 21829 640.08 152.4
11259136 415608 3.69944e+06 30899.1 3.13269e-11 61.7333 0 21830 640.08 152.4
11259137 373343 3.71903e+06 10363.2 150.469 249.506 0 21830 640.08 152.4
11259138 434737 3.7277e+06 10972.8 45 254.65 0 21830 640.08 152.4
11259136 415672 3.69944e+06 30899.1 3.13269e-11 61.7333 0 21831 640.08 152.4
11259137 373127 3.71915e+06 10363.2 150.469 249.506 0 21831 640.08 152.4
11259138 434919 3.72788e+06 10972.8 45 254.65 0 21831 640.08 152.4
11259136 415735 3.69944e+06 30899.1 3.13269e-11 61.7333 0 21832 640.08 152.4
11259137 372912 3.71927e+06 10363.2 150.469 249.506 0 21832 640.08 152.4
11259138 435101 3.72806e+06 10972.8 45 254.65 0 21832 640.08 152.4
11259136 415799 3.69944e+06 30899.1 3.13269e-11 61.7333 0 21833 640.08 152.4
11259137 372697 3.7194e+06 10363.2 150.469 249.506 0 21833 640.08 152.4
11259138 435283 3.72823e+06 10972.8 45 254.65 0 21833 640.08 152.4
11259136 415863 3.69944e+06 30899.1 3.13269e-11 61.7333 0 21834 640.08 152.4
11259137 372482 3.71952e+06 10363.2 150.469 249.506 0 21834 640.08 152.4
11259138 435465 3.72841e+06 10972.8 45 254.65 0 21834 640.08 152.4
11259136 415927 3.69944e+06 30899.1 3.13269e-11 61.7333 0 21835 640.08 152.4
11259137 372268 3.71965e+06 10363.2 150.469 249.506 0 21835 640.08 152.4
11259138 435647 3.72859e+06 10972.8 45 254.65 0 21835 640.08 152.4
11259136 415991 3.69944e+06 30899.1 3.13269e-11 61.7333 0 21836 640.08 152.4
11259137 372052 3.71977e+06 10363.2 150.469 249.506 0 21836 640.08 152.4
11259138 435830 3.72877e+06 10972.8 45 254.65 0 21836 640.08 152.4
11259136 416055 3.69944e+06 30899.1 3.13269e-11 61.7333 0 21837 640.08 152.4
11259137 371837 3.7199e+06 10363.2 150.469 249.506 0 21837 640.08 152.4
11259138 436012 3.72894e+06 10972.8 45 254.65 0 21837 640.08 152.4
11259136 416118 3.69943e+06 30899.1 3.13269e-11 61.7333 0 21838 640.08 152.4
11259137 371622 3.72002e+06 10363.2 150.469 249.506 0 21838 640.08 152.4
11259138 436194 3.72912e+06 10972.8 45 254.65 0 21838 640.08 152.4
11259136 416182 3.69943e+06 30899.1 3.13269e-11 61.7333 0 21839 640.08 152.4
11259137 371407 3.72014e+06 10363.2 150.469 249.506 0 21839 640.08 152.4
11259138 436376 3.7293e+06 10972.8 45 254.65 0 21839 640.08 152.4
11259136 416246 3.69943e+06 30899.1 3.13269e-11 61.7333 0 21840 640.08 152.4
11259137 371193 3.72027e+06 10363.2 150.469 249.506 0 21840 640.08 152.4
11259138 436558 3.72948e+06 10972.8 45 254.65 0 21840 640.08 152.4
11259136 416310 3.69943e+06 30899.1 3.13269e-11 61.7333 0 21841 640.08 152.4
11259137 370978 3.72039e+06 10363.2 150.469 249.506 0 21841 640.08 152.4
11259138 436741 3.72965e+06 10972.8 45 254.65 0 21841 640.08 152.4
11259136 416374 3.69943e+06 30899.1 3.13269e-11 61.7333 0 21842 640.08 152.4
11259137 370763 3.72052e+06 10363.2 150.469 249.506 0 21842 640.08 152.4
11259138 436923 3.72983e+06 10972.8 45 254.65 0 21842 640.08 152.4
11259136 416438 3.69943e+06 30899.1 3.13269e-11 61.7333 0 21843 640.08 152.4
11259137 370547 3.72064e+06 10363.2 150.469 249.506 0 21843 640.08 152.4
11259138 437105 3.73001e+06 10972.8 45 254.65 0 21843 640.08 152.4
11259136 416501 3.69943e+06 30899.1 3.13269e-11 61.7333 0 21844 640.08 152.4
11259137 370332 3.72076e+06 10363.2 150.469 249.506 0 21844 640.08 152.4
11259138 437287 3.73018e+06 10972.8 45 254.65 0 21844 640.08 152.4
11259136 416565 3.69943e+06 30899.1 3.13269e-11 61.7333 0 21845 640.08 152.4
11259137 370119 3.72089e+06 10363.2 150.469 249.506 0 21845 640.08 152.4
11259138 437469 3.73036e+06 10972.8 45 254.65 0 21845 640.08 152.4
11259136 416629 3.69943e+06 30899.1 3.13269e-11 61.7333 0 21846 640.08 152.4
11259137 369903 3.72101e+06 10363.2 150.469 249.506 0 21846 640.08 152.4
11259138 437651 3.73054e+06 10972.8 45 254.65 0 21846 640.08 152.4
11259136 416693 3.69943e+06 30899.1 3.13269e-11 61.7333 0 21847 640.08 152.4
11259137 369688 3.72114e+06 10363.2 150.469 249.506 0 21847 640.08 152.4
11259138 437833 3.73072e+06 10972.8 45 254.65 0 21847 640.08 152.4
11259136 416757 3.69943e+06 30899.1 3.13269e-11 61.7333 0 21848 640.08 152.4
11259137 369472 3.72126e+06 10363.2 150.469 249.506 0 21848 640.08 152.4
11259138 438015 3.73089e+06 10972.8 45 254.65 0 21848 640.08 152.4
11259136 416821 3.69943e+06 30899.1 3.13269e-11 61.7333 0 21849 640.08 152.4
11259137 369257 3.72139e+06 10363.2 150.469 249.506 0 21849 640.08 152.4
11259138 438197 3.73107e+06 10972.8 45 254.65 0 21849 640.08 152.4
11259136 416884 3.69943e+06 30899.1 3.13269e-11 61.7333 0 21850 640.08 152.4
11259137 369044 3.72151e+06 10363.2 150.469 249.506 0 21850 640.08 152.4
11259138 438379 3.73125e+06 10972.8 45 254.65 0 21850 640.08 152.4
11259136 416948 3.69943e+06 30899.1 3.13269e-11 61.7333 0 21851 640.08 152.4
11259137 368828 3.72163e+06 10363.2 150.469 249.506 0 21851 640.08 152.4
11259138 438561 3.73143e+06 10972.8 45 254.65 0 21851 640.08 152.4
11259136 417012 3.69943e+06 30899.1 3.13269e-11 61.7333 0 21852 640.08 152.4
11259137 368613 3.72176e+06 10363.2 150.469 249.506 0 21852 640.08 152.4
11259138 438743 3.7316e+06 10972.8 45 254.65 0 21852 640.08 152.4
11259136 417076 3.69943e+06 30899.1 3.13269e-11 61.7333 0 21853 640.08 152.4
11259137 368398 3.72188e+06 10363.2 150.469 249.506 0 21853 640.08 152.4
11259138 438925 3.73178e+06 10972.8 45 254.65 0 21853 640.08 152.4
11259136 417140 3.69943e+06 30899.1 3.13269e-11 61.7333 0 21854 640.08 152.4
11259137 368183 3.72201e+06 10363.2 150.469 249.506 0 21854 640.08 152.4
11259138 439108 3.73196e+06 10972.8 45 254.65 0 21854 640.08 152.4
11259136 417204 3.69943e+06 30899.1 3.13269e-11 61.7333 0 21855 640.08 152.4
11259137 367969 3.72213e+06 10363.2 150.469 249.506 0 21855 640.08 152.4
11259138 439290 3.73213e+06 10972.8 45 254.65 0 21855 640.08 152.4
11259136 417267 3.69942e+06 30899.1 3.13269e-11 61.7333 0 21856 640.08 152.4
11259137 367754 3.72226e+06 10363.2 150.469 249.506 0 21856 640.08 152.4
11259138 439472 3.73231e+06 10972.8 45 254.65 0 21856 640.08 152.4
11259136 417331 3.69942e+06 30899.1 3.13269e-11 61.7333 0 21857 640.08 152.4
11259137 367539 3.72238e+06 10363.2 150.469 249.506 0 21857 640.08 152.4
11259136 417523 3.69942e+06 30899.1 3.13269e-11 61.7333 0 21860 640.08 152.4
11259137 366895 3.72275e+06 10363.2 150.469 249.506 0 21860 640.08 152.4
11259138 440200 3.73302e+06 10972.8 45 254.65 0 21860 640.08 152.4
11259136 417587 3.69942e+06 30899.1 3.13269e-11 61.7333 0 21861 640.08 152.4
11259137 366680 3.72288e+06 10363.2 150.469 249.506 0 21861 640.08 152.4
11259138 440382 3.7332e+06 10972.8 45 254.65 0 21861 640.08 152.4
11259136 417650 3.69942e+06 30899.1 3.13269e-11 61.7333 0 21862 640.08 152.4
11259137 366465 3.723e+06 10363.2 150.469 249.506 0 21862 640.08 152.4
11259138 440564 3.73338e+06 10972.8 45 254.65 0 21862 640.08 152.4
11259136 417714 3.69942e+06 30899.1 3.13269e-11 61.7333 0 21863 640.08 152.4
11259137 366249 3.72313e+06 10363.2 150.469 249.506 0 21863 640.08 152.4
11259138 440746 3.73355e+06 10972.8 45 254.65 0 21863 640.08 152.4
11259136 417778 3.69942e+06 30899.1 3.13269e-11 61.7333 0 21864 640.08 152.4
11259137 366034 3.72325e+06 10363.2 150.469 249.506 0 21864 640.08 152.4
11259138 440928 3.73373e+06 10972.8 45 254.65 0 21864 640.08 152.4
