11259136 440375 3.69925e+06 30899.1 3.13269e-11 61.7333 0 17570 640.08 152.4
11259137 290158 3.7676e+06 10363.2 150.469 249.506 0 17570 640.08 152.4
11259138 505281 3.79672e+06 10972.8 45 254.65 0 17570 640.08 152.4
11259136 440438 3.69925e+06 30899.1 3.13269e-11 61.7333 0 17571 640.08 152.4
11259137 289945 3.76772e+06 10363.2 150.469 249.506 0 17571 640.08 152.4
11259138 505463 3.79689e+06 10972.8 45 254.65 0 17571 640.08 152.4
11259136 440502 3.69925e+06 30899.1 3.13269e-11 61.7333 0 17572 640.08 152.4
11259137 289730 3.76785e+06 10363.2 150.469 249.506 0 17572 640.08 152.4
11259138 505644 3.79707e+06 10972.8 45 254.65 0 17572 640.08 152.4
11259136 440566 3.69925e+06 30899.1 3.13269e-11 61.7333 0 17573 640.08 152.4
11259137 289516 3.76798e+06 10363.2 150.469 249.506 0 17573 640.08 152.4
11259138 505826 3.79725e+06 10972.8 45 254.65 0 17573 640.08 152.4
11259136 440630 3.69925e+06 30899.1 3.13269e-11 61.7333 0 17574 640.08 152.4
11259137 289301 3.7681e+06 10363.2 150.469 249.506 0 17574 640.08 152.4
11259138 506007 3.79743e+06 10972.8 45 254.65 0 17574 640.08 152.4
11259136 440694 3.69925e+06 30899.1 3.13269e-11 61.7333 0 17575 640.08 152.4
11259137 289088 3.76823e+06 10363.2 150.469 249.506 0 17575 640.08 152.4
11259138 506189 3.79761e+06 10972.8 45 254.65 0 17575 640.08 152.4
11259136 440758 3.69925e+06 30899.1 3.13269e-11 61.7333 0 17576 640.08 152.4
11259137 288875 3.76836e+06 10363.2 150.469 249.506 0 17576 640.08 152.4
11259138 506370 3.79779e+06 10972.8 45 254.65 0 17576 640.08 152.4
11259136 440821 3.69925e+06 30899.1 3.13269e-11 61.7333 0 17577 640.08 152.4
11259137 288661 3.76848e+06 10363.2 150.469 249.506 0 17577 640.08 152.4
11259138 506551 3.79797e+06 10972.8 45 254.65 0 17577 640.08 152.4
11259136 440885 3.69925e+06 30899.1 3.13269e-11 61.7333 0 17578 640.08 152.4
11259137 288446 3.76861e+06 10363.2 150.469 249.506 0 17578 640.08 152.4
11259138 506733 3.79814e+06 10972.8 45 254.65 0 17578 640.08 152.4
11259136 440949 3.69925e+06 30899.1 3.13269e-11 61.7333 0 17579 640.08 152.4
11259137 288233 3.76873e+06 10363.2 150.469 249.506 0 17579 640.08 152.4
11259138 506915 3.79832e+06 10972.8 45 254.65 0 17579 640.08 152.4
11259136 441013 3.69925e+06 30899.1 3.13269e-11 61.7333 0 17580 640.08 152.4
11259137 288020 3.76886e+06 10363.2 150.469 249.506 0 17580 640.08 152.4
11259138 507096 3.7985e+06 10972.8 45 254.65 0 17580 640.08 152.4
11259136 441077 3.69925e+06 30899.1 3.13269e-11 61.7333 0 17581 640.08 152.4
11259137 287806 3.76899e+06 10363.2 150.469 249.506 0 17581 640.08 152.4
11259138 507278 3.79868e+06 10972.8 45 254.65 0 17581 640.08 152.4
11259137 287591 3.76911e+06 10363.2 150.469 249.506 0 17582 640.08 152.4
11259138 507459 3.79886e+06 10972.8 45 254.65 0 17582 640.08 152.4
11259136 441204 3.69925e+06 30899.1 3.13269e-11 61.7333 0 17583 640.08 152.4
11259137 287378 3.76924e+06 10363.2 150.469 249.506 0 17583 640.08 152.4
11259138 507641 3.79904e+06 10972.8 45 254.65 0 17583 640.08 152.4
11259136 441268 3.69925e+06 30899.1 3.13269e-11 61.7333 0 17584 640.08 152.4
11259137 287163 3.76937e+06 10363.2 150.469 249.506 0 17584 640.08 152.4
11259136 441332 3.69925e+06 30899.1 3.13269e-11 61.7333 0 17585 640.08 152.4
11259137 286949 3.76949e+06 10363.2 150.469 249.506 0 17585 640.08 152.4
11259138 508003 3.79939e+06 10972.8 45 254.65 0 17585 640.08 152.4
11259136 441396 3.69925e+06 30899.1 3.13269e-11 61.7333 0 17586 640.08 152.4
11259137 286734 3.76962e+06 10363.2 150.469 249.506 0 17586 640.08 152.4
11259138 508185 3.79957e+06 10972.8 45 254.65 0 17586 640.08 152.4
11259136 441460 3.69925e+06 30899.1 3.13269e-11 61.7333 0 17587 640.08 152.4
11259137 286522 3.76974e+06 10363.2 150.469 249.506 0 17587 640.08 152.4
11259138 508366 3.79975e+06 10972.8 45 254.65 0 17587 640.08 152.4
11259136 441524 3.69925e+06 30899.1 3.13269e-11 61.7333 0 17588 640.08 152.4
11259137 286308 3.76987e+06 10363.2 150.469 249.506 0 17588 640.08 152.4
11259138 508548 3.79993e+06 10972.8 45 254.65 0 17588 640.08 152.4
11259136 441587 3.69925e+06 30899.1 3.13269e-11 61.7333 0 17589 640.08 152.4
11259137 286095 3.77e+06 10363.2 150.469 249.506 0 17589 640.08 152.4
11259138 508729 3.80011e+06 10972.8 45 254.65 0 17589 640.08 152.4
11259136 441651 3.69925e+06 30899.1 3.13269e-11 61.7333 0 17590 640.08 152.4
11259137 285880 3.77012e+06 10363.2 150.469 249.506 0 17590 640.08 152.4
11259138 508910 3.80029e+06 10972.8 45 254.65 0 17590 640.08 152.4
11259136 441715 3.69925e+06 30899.1 3.13269e-11 61.7333 0 17591 640.08 152.4
11259137 285667 3.77025e+06 10363.2 150.469 249.506 0 17591 640.08 152.4
11259138 509092 3.80047e+06 10972.8 45 254.65 0 17591 640.08 152.4
11259136 441779 3.69925e+06 30899.1 3.13269e-11 61.7333 0 17592 640.08 152.4
11259137 285454 3.77038e+06 10363.2 150.469 249.506 0 17592 640.08 152.4
11259138 509273 3.80065e+06 10972.8 45 254.65 0 17592 640.08 152.4
11259136 441843 3.69925e+06 30899.1 3.13269e-11 61.7333 0 17593 640.08 152.4
11259138 509454 3.80082e+06 10972.8 45 254.65 0 17593 640.08 152.4
11259136 441907 3.69925e+06 30899.1 3.13269e-11 61.7333 0 17594 640.08 152.4
11259137 285025 3.77063e+06 10363.2 150.469 249.506 0 17594 640.08 152.4
11259138 509636 3.801e+06 10972.8 45 254.65 0 17594 640.08 152.4
11259136 441970 3.69924e+06 30899.1 3.13269e-11 61.7333 0 17595 640.08 152.4
11259137 284812 3.77075e+06 10363.2 150.469 249.506 0 17595 640.08 152.4
11259138 509817 3.80118e+06 10972.8 45 254.65 0 17595 640.08 152.4
11259136 442034 3.69924e+06 30899.1 3.13269e-11 61.7333 0 17596 640.08 152.4
11259137 284597 3.77088e+06 10363.2 150.469 249.506 0 17596 640.08 152.4
11259138 509999 3.80136e+06 10972.8 45 254.65 0 17596 640.08 152.4
11259136 442098 3.69924e+06 30899.1 3.13269e-11 61.7333 0 17597 640.08 152.4
11259137 284383 3.77101e+06 10363.2 150.469 249.506 0 17597 640.08 152.4
11259138 510180 3.80154e+06 10972.8 45 254.65 0 17597 640.08 152.4
11259136 442162 3.69924e+06 30899.1 3.13269e-11 61.7333 0 17598 640.08 152.4
11259137 284169 3.77113e+06 10363.2 150.469 249.506 0 17598 640.08 152.4
11259138 510361 3.80172e+06 10972.8 45 254.65 0 17598 640.08 152.4
11259136 442226 3.69924e+06 30899.1 3.13269e-11 61.7333 0 17599 640.08 152.4
11259137 283956 3.77126e+06 10363.2 150.469 249.506 0 17599 640.08 152.4
11259138 510543 3.8019e+06 10972.8 45 254.65 0 17599 640.08 152.4
11259136 442290 3.69924e+06 30899.1 3.13269e-11 61.7333 0 17600 640.08 152.4
11259137 283742 3.77139e+06 10363.2 150.469 249.506 0 17600 640.08 152.4
11259138 510724 3.80207e+06 10972.8 45 254.65 0 17600 640.08 152.4
11259136 442353 3.69924e+06 30899.1 3.13269e-11 61.7333 0 17601 640.08 152.4
11259137 283529 3.77151e+06 10363.2 150.469 249.506 0 17601 640.08 152.4
11259138 510905 3.80225e+06 10972.8 45 254.65 0 17601 640.08 152.4
