11259136 437758 3.69927e+06 30899.1 3.13269e-11 61.7333 0 16799 640.08 152.4
11259137 298935 3.76243e+06 10363.2 150.469 249.506 0 16799 640.08 152.4
11259138 497832 3.7894e+06 10972.8 45 254.65 0 16799 640.08 152.4
11259136 437821 3.69927e+06 30899.1 3.13269e-11 61.7333 0 16800 640.08 152.4
11259137 298720 3.76255e+06 10363.2 150.469 249.506 0 16800 640.08 152.4
11259138 498014 3.78958e+06 10972.8 45 254.65 0 16800 640.08 152.4
11259136 437885 3.69927e+06 30899.1 3.13269e-11 61.7333 0 16801 640.08 152.4
11259137 298507 3.76268e+06 10363.2 150.469 249.506 0 16801 640.08 152.4
11259138 498196 3.78976e+06 10972.8 45 254.65 0 16801 640.08 152.4
11259136 437949 3.69927e+06 30899.1 3.13269e-11 61.7333 0 16802 640.08 152.4
11259137 298293 3.76281e+06 10363.2 150.469 249.506 0 16802 640.08 152.4
11259138 498378 3.78993e+06 10972.8 45 254.65 0 16802 640.08 152.4
11259136 438013 3.69927e+06 30899.1 3.13269e-11 61.7333 0 16803 640.08 152.4
11259137 298079 3.76293e+06 10363.2 150.469 249.506 0 16803 640.08 152.4
11259138 498560 3.79011e+06 10972.8 45 254.65 0 16803 640.08 152.4
11259136 438077 3.69927e+06 30899.1 3.13269e-11 61.7333 0 16804 640.08 152.4
11259137 297864 3.76306e+06 10363.2 150.469 249.506 0 16804 640.08 152.4
11259138 498741 3.79029e+06 10972.8 45 254.65 0 16804 640.08 152.4
11259136 438141 3.69927e+06 30899.1 3.13269e-11 61.7333 0 16805 640.08 152.4
11259137 297650 3.76318e+06 10363.2 150.469 249.506 0 16805 640.08 152.4
11259138 498923 3.79047e+06 10972.8 45 254.65 0 16805 640.08 152.4
11259136 438204 3.69927e+06 30899.1 3.13269e-11 61.7333 0 16806 640.08 152.4
11259137 297435 3.76331e+06 10363.2 150.469 249.506 0 16806 640.08 152.4
11259138 499105 3.79065e+06 10972.8 45 254.65 0 16806 640.08 152.4
11259137 297221 3.76344e+06 10363.2 150.469 249.506 0 16807 640.08 152.4
11259138 499286 3.79083e+06 10972.8 45 254.65 0 16807 640.08 152.4
11259136 438332 3.69927e+06 30899.1 3.13269e-11 61.7333 0 16808 640.08 152.4
11259137 297006 3.76356e+06 10363.2 150.469 249.506 0 16808 640.08 152.4
11259138 499468 3.791e+06 10972.8 45 254.65 0 16808 640.08 152.4
11259136 438396 3.69927e+06 30899.1 3.13269e-11 61.7333 0 16809 640.08 152.4
11259137 296793 3.76369e+06 10363.2 150.469 249.506 0 16809 640.08 152.4
11259138 499650 3.79118e+06 10972.8 45 254.65 0 16809 640.08 152.4
11259136 438460 3.69927e+06 30899.1 3.13269e-11 61.7333 0 16810 640.08 152.4
11259137 296579 3.76381e+06 10363.2 150.469 249.506 0 16810 640.08 152.4
11259138 499832 3.79136e+06 10972.8 45 254.65 0 16810 640.08 152.4
11259136 438523 3.69927e+06 30899.1 3.13269e-11 61.7333 0 16811 640.08 152.4
11259137 296366 3.76394e+06 10363.2 150.469 249.506 0 16811 640.08 152.4
11259138 500014 3.79154e+06 10972.8 45 254.65 0 16811 640.08 152.4
11259136 438587 3.69927e+06 30899.1 3.13269e-11 61.7333 0 16812 640.08 152.4
11259137 296150 3.76407e+06 10363.2 150.469 249.506 0 16812 640.08 152.4
11259138 500195 3.79172e+06 10972.8 45 254.65 0 16812 640.08 152.4
11259136 438651 3.69927e+06 30899.1 3.13269e-11 61.7333 0 16813 640.08 152.4
11259138 500377 3.7919e+06 10972.8 45 254.65 0 16813 640.08 152.4
11259136 438715 3.69926e+06 30899.1 3.13269e-11 61.7333 0 16814 640.08 152.4
11259138 500559 3.79208e+06 10972.8 45 254.65 0 16814 640.08 152.4
11259138 500740 3.79225e+06 10972.8 45 254.65 0 16815 640.08 152.4
11259136 438843 3.69926e+06 30899.1 3.13269e-11 61.7333 0 16816 640.08 152.4
11259138 500922 3.79243e+06 10972.8 45 254.65 0 16816 640.08 152.4
11259136 438906 3.69926e+06 30899.1 3.13269e-11 61.7333 0 16817 640.08 152.4
11259138 501104 3.79261e+06 10972.8 45 254.65 0 16817 640.08 152.4
11259136 439098 3.69926e+06 30899.1 3.13269e-11 61.7333 0 16820 640.08 152.4
11259137 294437 3.76508e+06 10363.2 150.469 249.506 0 16820 640.08 152.4
11259136 439162 3.69926e+06 30899.1 3.13269e-11 61.7333 0 16821 640.08 152.4
11259137 294224 3.7652e+06 10363.2 150.469 249.506 0 16821 640.08 152.4
11259138 501831 3.79332e+06 10972.8 45 254.65 0 16821 640.08 152.4
11259136 439226 3.69926e+06 30899.1 3.13269e-11 61.7333 0 16822 640.08 152.4
11259137 294010 3.76533e+06 10363.2 150.469 249.506 0 16822 640.08 152.4
11259138 502013 3.7935e+06 10972.8 45 254.65 0 16822 640.08 152.4
11259136 439289 3.69926e+06 30899.1 3.13269e-11 61.7333 0 16823 640.08 152.4
11259137 293797 3.76545e+06 10363.2 150.469 249.506 0 16823 640.08 152.4
11259138 502194 3.79368e+06 10972.8 45 254.65 0 16823 640.08 152.4
11259136 439353 3.69926e+06 30899.1 3.13269e-11 61.7333 0 16824 640.08 152.4
11259137 293582 3.76558e+06 10363.2 150.469 249.506 0 16824 640.08 152.4
11259138 502376 3.79386e+06 10972.8 45 254.65 0 16824 640.08 152.4
11259136 439417 3.69926e+06 30899.1 3.13269e-11 61.7333 0 16825 640.08 152.4
11259137 293369 3.76571e+06 10363.2 150.469 249.506 0 16825 640.08 152.4
11259138 502557 3.79404e+06 10972.8 45 254.65 0 16825 640.08 152.4
11259136 439481 3.69926e+06 30899.1 3.13269e-11 61.7333 0 16826 640.08 152.4
11259137 293155 3.76583e+06 10363.2 150.469 249.506 0 16826 640.08 152.4
11259138 502739 3.79422e+06 10972.8 45 254.65 0 16826 640.08 152.4
11259137 292941 3.76596e+06 10363.2 150.469 249.506 0 16827 640.08 152.4
11259138 502921 3.7944e+06 10972.8 45 254.65 0 16827 640.08 152.4
11259136 439609 3.69926e+06 30899.1 3.13269e-11 61.7333 0 16828 640.08 152.4
11259137 292726 3.76608e+06 10363.2 150.469 249.506 0 16828 640.08 152.4
11259138 503102 3.79457e+06 10972.8 45 254.65 0 16828 640.08 152.4
