11259136 414203 3.69945e+06 30899.1 3.13269e-11 61.7333 0 83781 640.08 152.4
11259137 378073 3.71629e+06 10363.2 150.469 249.506 0 83781 640.08 152.4
11259138 430727 3.72381e+06 10972.8 45 254.65 0 83781 640.08 152.4
11259136 414267 3.69945e+06 30899.1 3.13269e-11 61.7333 0 83782 640.08 152.4
11259137 377858 3.71642e+06 10363.2 150.469 249.506 0 83782 640.08 152.4
11259138 430909 3.72398e+06 10972.8 45 254.65 0 83782 640.08 152.4
11259136 414331 3.69945e+06 30899.1 3.13269e-11 61.7333 0 83783 640.08 152.4
11259137 377645 3.71654e+06 10363.2 150.469 249.506 0 83783 640.08 152.4
11259138 431091 3.72416e+06 10972.8 45 254.65 0 83783 640.08 152.4
11259137 377429 3.71667e+06 10363.2 150.469 249.506 0 83784 640.08 152.4
11259138 431274 3.72434e+06 10972.8 45 254.65 0 83784 640.08 152.4
11259136 414459 3.69945e+06 30899.1 3.13269e-11 61.7333 0 83785 640.08 152.4
11259137 377214 3.71679e+06 10363.2 150.469 249.506 0 83785 640.08 152.4
11259138 431456 3.72451e+06 10972.8 45 254.65 0 83785 640.08 152.4
11259136 414523 3.69945e+06 30899.1 3.13269e-11 61.7333 0 83786 640.08 152.4
11259137 376998 3.71691e+06 10363.2 150.469 249.506 0 83786 640.08 152.4
11259138 431639 3.72469e+06 10972.8 45 254.65 0 83786 640.08 152.4
11259136 414586 3.69945e+06 30899.1 3.13269e-11 61.7333 0 83787 640.08 152.4
11259137 376783 3.71704e+06 10363.2 150.469 249.506 0 83787 640.08 152.4
11259138 431821 3.72487e+06 10972.8 45 254.65 0 83787 640.08 152.4
11259136 414650 3.69945e+06 30899.1 3.13269e-11 61.7333 0 83788 640.08 152.4
11259137 376569 3.71716e+06 10363.2 150.469 249.506 0 83788 640.08 152.4
11259138 432003 3.72505e+06 10972.8 45 254.65 0 83788 640.08 152.4
11259136 414714 3.69945e+06 30899.1 3.13269e-11 61.7333 0 83790 640.08 152.4
11259137 376353 3.71729e+06 10363.2 150.469 249.506 0 83790 640.08 152.4
11259138 432185 3.72522e+06 10972.8 45 254.65 0 83790 640.08 152.4
11259136 414778 3.69945e+06 30899.1 3.13269e-11 61.7333 0 83791 640.08 152.4
11259137 376138 3.71741e+06 10363.2 150.469 249.506 0 83791 640.08 152.4
11259138 432367 3.7254e+06 10972.8 45 254.65 0 83791 640.08 152.4
11259136 414842 3.69945e+06 30899.1 3.13269e-11 61.7333 0 83792 640.08 152.4
11259137 375922 3.71754e+06 10363.2 150.469 249.506 0 83792 640.08 152.4
11259138 432550 3.72558e+06 10972.8 45 254.65 0 83792 640.08 152.4
11259136 414906 3.69945e+06 30899.1 3.13269e-11 61.7333 0 83793 640.08 152.4
11259137 375707 3.71766e+06 10363.2 150.469 249.506 0 83793 640.08 152.4
11259138 432732 3.72575e+06 10972.8 45 254.65 0 83793 640.08 152.4
11259136 414969 3.69944e+06 30899.1 3.13269e-11 61.7333 0 83794 640.08 152.4
11259137 375494 3.71778e+06 10363.2 150.469 249.506 0 83794 640.08 152.4
11259138 432914 3.72593e+06 10972.8 45 254.65 0 83794 640.08 152.4
11259136 415033 3.69944e+06 30899.1 3.13269e-11 61.7333 0 83795 640.08 152.4
11259137 375278 3.71791e+06 10363.2 150.469 249.506 0 83795 640.08 152.4
11259138 433096 3.72611e+06 10972.8 45 254.65 0 83795 640.08 152.4
11259136 415097 3.69944e+06 30899.1 3.13269e-11 61.7333 0 83796 640.08 152.4
11259137 375063 3.71803e+06 10363.2 150.469 249.506 0 83796 640.08 152.4
11259138 433279 3.72629e+06 10972.8 45 254.65 0 83796 640.08 152.4
11259136 415161 3.69944e+06 30899.1 3.13269e-11 61.7333 0 83797 640.08 152.4
11259137 374847 3.71816e+06 10363.2 150.469 249.506 0 83797 640.08 152.4
11259138 433461 3.72646e+06 10972.8 45 254.65 0 83797 640.08 152.4
11259136 415225 3.69944e+06 30899.1 3.13269e-11 61.7333 0 83798 640.08 152.4
11259137 374632 3.71828e+06 10363.2 150.469 249.506 0 83798 640.08 152.4
11259138 433643 3.72664e+06 10972.8 45 254.65 0 83798 640.08 152.4
11259136 415289 3.69944e+06 30899.1 3.13269e-11 61.7333 0 83799 640.08 152.4
11259137 374418 3.7184e+06 10363.2 150.469 249.506 0 83799 640.08 152.4
11259138 433826 3.72682e+06 10972.8 45 254.65 0 83799 640.08 152.4
11259136 415352 3.69944e+06 30899.1 3.13269e-11 61.7333 0 83800 640.08 152.4
11259137 374203 3.71853e+06 10363.2 150.469 249.506 0 83800 640.08 152.4
11259138 434008 3.72699e+06 10972.8 45 254.65 0 83800 640.08 152.4
11259136 415416 3.69944e+06 30899.1 3.13269e-11 61.7333 0 83801 640.08 152.4
11259137 373988 3.71865e+06 10363.2 150.469 249.506 0 83801 640.08 152.4
11259138 434190 3.72717e+06 10972.8 45 254.65 0 83801 640.08 152.4
