11259136 427289 3.69934e+06 30899.1 3.13269e-11 61.7333 0 15023 640.08 152.4
11259137 334039 3.74184e+06 10363.2 150.469 249.506 0 15023 640.08 152.4
11259138 468048 3.76019e+06 10972.8 45 254.65 0 15023 640.08 152.4
11259136 427353 3.69934e+06 30899.1 3.13269e-11 61.7333 0 15024 640.08 152.4
11259137 333825 3.74196e+06 10363.2 150.469 249.506 0 15024 640.08 152.4
11259138 468231 3.76037e+06 10972.8 45 254.65 0 15024 640.08 152.4
11259136 427417 3.69934e+06 30899.1 3.13269e-11 61.7333 0 15025 640.08 152.4
11259137 333611 3.74209e+06 10363.2 150.469 249.506 0 15025 640.08 152.4
11259138 468412 3.76054e+06 10972.8 45 254.65 0 15025 640.08 152.4
11259136 427481 3.69934e+06 30899.1 3.13269e-11 61.7333 0 15026 640.08 152.4
11259137 333397 3.74221e+06 10363.2 150.469 249.506 0 15026 640.08 152.4
11259138 468593 3.76072e+06 10972.8 45 254.65 0 15026 640.08 152.4
11259136 427544 3.69934e+06 30899.1 3.13269e-11 61.7333 0 15027 640.08 152.4
11259137 333182 3.74234e+06 10363.2 150.469 249.506 0 15027 640.08 152.4
11259138 468774 3.7609e+06 10972.8 45 254.65 0 15027 640.08 152.4
11259136 427608 3.69934e+06 30899.1 3.13269e-11 61.7333 0 15028 640.08 152.4
11259137 332968 3.74246e+06 10363.2 150.469 249.506 0 15028 640.08 152.4
11259138 468955 3.76108e+06 10972.8 45 254.65 0 15028 640.08 152.4
11259136 427672 3.69934e+06 30899.1 3.13269e-11 61.7333 0 15029 640.08 152.4
11259137 332753 3.74259e+06 10363.2 150.469 249.506 0 15029 640.08 152.4
11259138 469138 3.76126e+06 10972.8 45 254.65 0 15029 640.08 152.4
11259136 427736 3.69934e+06 30899.1 3.13269e-11 61.7333 0 15030 640.08 152.4
11259137 332539 3.74272e+06 10363.2 150.469 249.506 0 15030 640.08 152.4
11259138 469321 3.76143e+06 10972.8 45 254.65 0 15030 640.08 152.4
11259136 427800 3.69934e+06 30899.1 3.13269e-11 61.7333 0 15031 640.08 152.4
11259137 332325 3.74284e+06 10363.2 150.469 249.506 0 15031 640.08 152.4
11259138 469503 3.76161e+06 10972.8 45 254.65 0 15031 640.08 152.4
11259136 427864 3.69934e+06 30899.1 3.13269e-11 61.7333 0 15032 640.08 152.4
11259137 332110 3.74297e+06 10363.2 150.469 249.506 0 15032 640.08 152.4
11259138 469684 3.76179e+06 10972.8 45 254.65 0 15032 640.08 152.4
11259136 427927 3.69934e+06 30899.1 3.13269e-11 61.7333 0 15033 640.08 152.4
11259137 331896 3.74309e+06 10363.2 150.469 249.506 0 15033 640.08 152.4
11259138 469865 3.76197e+06 10972.8 45 254.65 0 15033 640.08 152.4
11259136 427991 3.69934e+06 30899.1 3.13269e-11 61.7333 0 15320 640.08 152.4
11259137 331681 3.74322e+06 10363.2 150.469 249.506 0 15320 640.08 152.4
11259138 470046 3.76214e+06 10972.8 45 254.65 0 15320 640.08 152.4
11259136 428055 3.69934e+06 30899.1 3.13269e-11 61.7333 0 15321 640.08 152.4
11259137 331467 3.74334e+06 10363.2 150.469 249.506 0 15321 640.08 152.4
11259138 470227 3.76232e+06 10972.8 45 254.65 0 15321 640.08 152.4
11259136 428119 3.69934e+06 30899.1 3.13269e-11 61.7333 0 15322 640.08 152.4
11259137 331253 3.74347e+06 10363.2 150.469 249.506 0 15322 640.08 152.4
11259138 470410 3.7625e+06 10972.8 45 254.65 0 15322 640.08 152.4
11259136 428183 3.69934e+06 30899.1 3.13269e-11 61.7333 0 15329 640.08 152.4
11259137 331039 3.74359e+06 10363.2 150.469 249.506 0 15329 640.08 152.4
11259138 470593 3.76268e+06 10972.8 45 254.65 0 15329 640.08 152.4
11259136 428247 3.69934e+06 30899.1 3.13269e-11 61.7333 0 15330 640.08 152.4
11259137 330824 3.74372e+06 10363.2 150.469 249.506 0 15330 640.08 152.4
11259138 470775 3.76286e+06 10972.8 45 254.65 0 15330 640.08 152.4
11259137 330609 3.74384e+06 10363.2 150.469 249.506 0 15331 640.08 152.4
11259138 470956 3.76303e+06 10972.8 45 254.65 0 15331 640.08 152.4
11259136 428374 3.69934e+06 30899.1 3.13269e-11 61.7333 0 15332 640.08 152.4
11259137 330395 3.74397e+06 10363.2 150.469 249.506 0 15332 640.08 152.4
11259138 471137 3.76321e+06 10972.8 45 254.65 0 15332 640.08 152.4
11259136 428438 3.69934e+06 30899.1 3.13269e-11 61.7333 0 15333 640.08 152.4
11259137 330181 3.74409e+06 10363.2 150.469 249.506 0 15333 640.08 152.4
11259138 471318 3.76339e+06 10972.8 45 254.65 0 15333 640.08 152.4
11259137 329967 3.74422e+06 10363.2 150.469 249.506 0 15334 640.08 152.4
11259138 471499 3.76357e+06 10972.8 45 254.65 0 15334 640.08 152.4
11259137 329752 3.74434e+06 10363.2 150.469 249.506 0 15335 640.08 152.4
11259138 471682 3.76375e+06 10972.8 45 254.65 0 15335 640.08 152.4
11259136 428630 3.69933e+06 30899.1 3.13269e-11 61.7333 0 15413 640.08 152.4
11259137 329538 3.74447e+06 10363.2 150.469 249.506 0 15413 640.08 152.4
11259138 471865 3.76392e+06 10972.8 45 254.65 0 15413 640.08 152.4
11259136 428693 3.69933e+06 30899.1 3.13269e-11 61.7333 0 15414 640.08 152.4
11259137 329324 3.74459e+06 10363.2 150.469 249.506 0 15414 640.08 152.4
11259138 472047 3.7641e+06 10972.8 45 254.65 0 15414 640.08 152.4
11259136 428757 3.69933e+06 30899.1 3.13269e-11 61.7333 0 15415 640.08 152.4
11259137 329109 3.74472e+06 10363.2 150.469 249.506 0 15415 640.08 152.4
11259138 472228 3.76428e+06 10972.8 45 254.65 0 15415 640.08 152.4
