11259136 414650 3.69945e+06 30899.1 3.13269e-11 61.7333 0 67728 640.08 152.4
11259137 376569 3.71716e+06 10363.2 150.469 249.506 0 67728 640.08 152.4
11259138 432003 3.72505e+06 10972.8 45 254.65 0 67728 640.08 152.4
11259136 414714 3.69945e+06 30899.1 3.13269e-11 61.7333 0 67729 640.08 152.4
11259137 376353 3.71729e+06 10363.2 150.469 249.506 0 67729 640.08 152.4
11259138 432185 3.72522e+06 10972.8 45 254.65 0 67729 640.08 152.4
11259136 414778 3.69945e+06 30899.1 3.13269e-11 61.7333 0 67730 640.08 152.4
11259137 376138 3.71741e+06 10363.2 150.469 249.506 0 67730 640.08 152.4
11259138 432367 3.7254e+06 10972.8 45 254.65 0 67730 640.08 152.4
11259136 414842 3.69945e+06 30899.1 3.13269e-11 61.7333 0 67731 640.08 152.4
11259137 375922 3.71754e+06 10363.2 150.469 249.506 0 67731 640.08 152.4
11259138 432550 3.72558e+06 10972.8 45 254.65 0 67731 640.08 152.4
11259136 414906 3.69945e+06 30899.1 3.13269e-11 61.7333 0 67732 640.08 152.4
11259137 375707 3.71766e+06 10363.2 150.469 249.506 0 67732 640.08 152.4
11259138 432732 3.72575e+06 10972.8 45 254.65 0 67732 640.08 152.4
11259136 414969 3.69944e+06 30899.1 3.13269e-11 61.7333 0 67733 640.08 152.4
11259137 375494 3.71778e+06 10363.2 150.469 249.506 0 67733 640.08 152.4
11259138 432914 3.72593e+06 10972.8 45 254.65 0 67733 640.08 152.4
11259136 415033 3.69944e+06 30899.1 3.13269e-11 61.7333 0 67734 640.08 152.4
11259137 375278 3.71791e+06 10363.2 150.469 249.506 0 67734 640.08 152.4
11259138 433096 3.72611e+06 10972.8 45 254.65 0 67734 640.08 152.4
11259136 415097 3.69944e+06 30899.1 3.13269e-11 61.7333 0 67735 640.08 152.4
11259137 375063 3.71803e+06 10363.2 150.469 249.506 0 67735 640.08 152.4
11259138 433279 3.72629e+06 10972.8 45 254.65 0 67735 640.08 152.4
11259136 415161 3.69944e+06 30899.1 3.13269e-11 61.7333 0 67736 640.08 152.4
11259137 374847 3.71816e+06 10363.2 150.469 249.506 0 67736 640.08 152.4
11259138 433461 3.72646e+06 10972.8 45 254.65 0 67736 640.08 152.4
11259136 415225 3.69944e+06 30899.1 3.13269e-11 61.7333 0 67737 640.08 152.4
11259137 374632 3.71828e+06 10363.2 150.469 249.506 0 67737 640.08 152.4
11259138 433643 3.72664e+06 10972.8 45 254.65 0 67737 640.08 152.4
11259136 415289 3.69944e+06 30899.1 3.13269e-11 61.7333 0 67738 640.08 152.4
11259137 374418 3.7184e+06 10363.2 150.469 249.506 0 67738 640.08 152.4
11259138 433826 3.72682e+06 10972.8 45 254.65 0 67738 640.08 152.4
11259136 415352 3.69944e+06 30899.1 3.13269e-11 61.7333 0 67739 640.08 152.4
11259137 374203 3.71853e+06 10363.2 150.469 249.506 0 67739 640.08 152.4
11259138 434008 3.72699e+06 10972.8 45 254.65 0 67739 640.08 152.4
11259136 415416 3.69944e+06 30899.1 3.13269e-11 61.7333 0 67740 640.08 152.4
11259137 373988 3.71865e+06 10363.2 150.469 249.506 0 67740 640.08 152.4
11259138 434190 3.72717e+06 10972.8 45 254.65 0 67740 640.08 152.4
11259136 415480 3.69944e+06 30899.1 3.13269e-11 61.7333 0 67741 640.08 152.4
11259137 373772 3.71878e+06 10363.2 150.469 249.506 0 67741 640.08 152.4
11259138 434372 3.72735e+06 10972.8 45 254.65 0 67741 640.08 152.4
11259136 415544 3.69944e+06 30899.1 3.13269e-11 61.7333 0 67742 640.08 152.4
11259137 373557 3.7189e+06 10363.2 150.469 249.506 0 67742 640.08 152.4
11259138 434555 3.72753e+06 10972.8 45 254.65 0 67742 640.08 152.4
11259136 415608 3.69944e+06 30899.1 3.13269e-11 61.7333 0 67743 640.08 152.4
11259137 373343 3.71903e+06 10363.2 150.469 249.506 0 67743 640.08 152.4
11259138 434737 3.7277e+06 10972.8 45 254.65 0 67743 640.08 152.4
11259136 415672 3.69944e+06 30899.1 3.13269e-11 61.7333 0 67744 640.08 152.4
11259137 373127 3.71915e+06 10363.2 150.469 249.506 0 67744 640.08 152.4
11259138 434919 3.72788e+06 10972.8 45 254.65 0 67744 640.08 152.4
11259136 415735 3.69944e+06 30899.1 3.13269e-11 61.7333 0 67745 640.08 152.4
11259137 372912 3.71927e+06 10363.2 150.469 249.506 0 67745 640.08 152.4
11259138 435101 3.72806e+06 10972.8 45 254.65 0 67745 640.08 152.4
11259136 415799 3.69944e+06 30899.1 3.13269e-11 61.7333 0 67746 640.08 152.4
11259137 372697 3.7194e+06 10363.2 150.469 249.506 0 67746 640.08 152.4
11259138 435283 3.72823e+06 10972.8 45 254.65 0 67746 640.08 152.4
11259136 415863 3.69944e+06 30899.1 3.13269e-11 61.7333 0 67747 640.08 152.4
11259137 372482 3.71952e+06 10363.2 150.469 249.506 0 67747 640.08 152.4
11259138 435465 3.72841e+06 10972.8 45 254.65 0 67747 640.08 152.4
11259136 415927 3.69944e+06 30899.1 3.13269e-11 61.7333 0 67748 640.08 152.4
11259137 372268 3.71965e+06 10363.2 150.469 249.506 0 67748 640.08 152.4
11259138 435647 3.72859e+06 10972.8 45 254.65 0 67748 640.08 152.4
11259136 415991 3.69944e+06 30899.1 3.13269e-11 61.7333 0 67749 640.08 152.4
11259137 372052 3.71977e+06 10363.2 150.469 249.506 0 67749 640.08 152.4
11259138 435830 3.72877e+06 10972.8 45 254.65 0 67749 640.08 152.4
11259136 416055 3.69944e+06 30899.1 3.13269e-11 61.7333 0 67750 640.08 152.4
11259137 371837 3.7199e+06 10363.2 150.469 249.506 0 67750 640.08 152.4
11259138 436012 3.72894e+06 10972.8 45 254.65 0 67750 640.08 152.4
11259136 416118 3.69943e+06 30899.1 3.13269e-11 61.7333 0 67751 640.08 152.4
11259137 371622 3.72002e+06 10363.2 150.469 249.506 0 67751 640.08 152.4
11259138 436194 3.72912e+06 10972.8 45 254.65 0 67751 640.08 152.4
11259136 416182 3.69943e+06 30899.1 3.13269e-11 61.7333 0 67752 640.08 152.4
11259137 371407 3.72014e+06 10363.2 150.469 249.506 0 67752 640.08 152.4
11259136 416246 3.69943e+06 30899.1 3.13269e-11 61.7333 0 67753 640.08 152.4
11259137 371193 3.72027e+06 10363.2 150.469 249.506 0 67753 640.08 152.4
11259138 436558 3.72948e+06 10972.8 45 254.65 0 67753 640.08 152.4
11259136 416310 3.69943e+06 30899.1 3.13269e-11 61.7333 0 67754 640.08 152.4
11259137 370978 3.72039e+06 10363.2 150.469 249.506 0 67754 640.08 152.4
11259138 436741 3.72965e+06 10972.8 45 254.65 0 67754 640.08 152.4
11259136 416374 3.69943e+06 30899.1 3.13269e-11 61.7333 0 67755 640.08 152.4
11259137 370763 3.72052e+06 10363.2 150.469 249.506 0 67755 640.08 152.4
11259138 436923 3.72983e+06 10972.8 45 254.65 0 67755 640.08 152.4
11259136 416438 3.69943e+06 30899.1 3.13269e-11 61.7333 0 67756 640.08 152.4
11259137 370547 3.72064e+06 10363.2 150.469 249.506 0 67756 640.08 152.4
11259138 437105 3.73001e+06 10972.8 45 254.65 0 67756 640.08 152.4
11259136 416501 3.69943e+06 30899.1 3.13269e-11 61.7333 0 67757 640.08 152.4
11259137 370332 3.72076e+06 10363.2 150.469 249.506 0 67757 640.08 152.4
11259138 437287 3.73018e+06 10972.8 45 254.65 0 67757 640.08 152.4
11259136 416565 3.69943e+06 30899.1 3.13269e-11 61.7333 0 67758 640.08 152.4
11259137 370119 3.72089e+06 10363.2 150.469 249.506 0 67758 640.08 152.4
11259138 437469 3.73036e+06 10972.8 45 254.65 0 67758 640.08 152.4
11259136 416629 3.69943e+06 30899.1 3.13269e-11 61.7333 0 67759 640.08 152.4
11259137 369903 3.72101e+06 10363.2 150.469 249.506 0 67759 640.08 152.4
11259138 437651 3.73054e+06 10972.8 45 254.65 0 67759 640.08 152.4
11259136 416693 3.69943e+06 30899.1 3.13269e-11 61.7333 0 67760 640.08 152.4
11259137 369688 3.72114e+06 10363.2 150.469 249.506 0 67760 640.08 152.4
11259138 437833 3.73072e+06 10972.8 45 254.65 0 67760 640.08 152.4
11259136 416757 3.69943e+06 30899.1 3.13269e-11 61.7333 0 67761 640.08 152.4
11259137 369472 3.72126e+06 10363.2 150.469 249.506 0 67761 640.08 152.4
11259138 438015 3.73089e+06 10972.8 45 254.65 0 67761 640.08 152.4
11259136 416821 3.69943e+06 30899.1 3.13269e-11 61.7333 0 67762 640.08 152.4
11259137 369257 3.72139e+06 10363.2 150.469 249.506 0 67762 640.08 152.4
11259138 438197 3.73107e+06 10972.8 45 254.65 0 67762 640.08 152.4
11259136 416884 3.69943e+06 30899.1 3.13269e-11 61.7333 0 67763 640.08 152.4
11259137 369044 3.72151e+06 10363.2 150.469 249.506 0 67763 640.08 152.4
11259138 438379 3.73125e+06 10972.8 45 254.65 0 67763 640.08 152.4
11259136 416948 3.69943e+06 30899.1 3.13269e-11 61.7333 0 67764 640.08 152.4
11259137 368828 3.72163e+06 10363.2 150.469 249.506 0 67764 640.08 152.4
11259138 438561 3.73143e+06 10972.8 45 254.65 0 67764 640.08 152.4
11259136 417012 3.69943e+06 30899.1 3.13269e-11 61.7333 0 67765 640.08 152.4
11259137 368613 3.72176e+06 10363.2 150.469 249.506 0 67765 640.08 152.4
11259138 438743 3.7316e+06 10972.8 45 254.65 0 67765 640.08 152.4
11259136 417076 3.69943e+06 30899.1 3.13269e-11 61.7333 0 67766 640.08 152.4
11259137 368398 3.72188e+06 10363.2 150.469 249.506 0 67766 640.08 152.4
11259138 438925 3.73178e+06 10972.8 45 254.65 0 67766 640.08 152.4
11259136 417140 3.69943e+06 30899.1 3.13269e-11 61.7333 0 67767 640.08 152.4
11259137 368183 3.72201e+06 10363.2 150.469 249.506 0 67767 640.08 152.4
11259138 439108 3.73196e+06 10972.8 45 254.65 0 67767 640.08 152.4
11259137 367969 3.72213e+06 10363.2 150.469 249.506 0 67768 640.08 152.4
11259138 439290 3.73213e+06 10972.8 45 254.65 0 67768 640.08 152.4
11259136 417267 3.69942e+06 30899.1 3.13269e-11 61.7333 0 67769 640.08 152.4
11259137 367754 3.72226e+06 10363.2 150.469 249.506 0 67769 640.08 152.4
11259138 439472 3.73231e+06 10972.8 45 254.65 0 67769 640.08 152.4
11259136 417331 3.69942e+06 30899.1 3.13269e-11 61.7333 0 67770 640.08 152.4
11259137 367539 3.72238e+06 10363.2 150.469 249.506 0 67770 640.08 152.4
11259136 417395 3.69942e+06 30899.1 3.13269e-11 61.7333 0 67771 640.08 152.4
11259137 367323 3.72251e+06 10363.2 150.469 249.506 0 67771 640.08 152.4
11259138 439836 3.73267e+06 10972.8 45 254.65 0 67771 640.08 152.4
11259136 417459 3.69942e+06 30899.1 3.13269e-11 61.7333 0 67772 640.08 152.4
11259137 367109 3.72263e+06 10363.2 150.469 249.506 0 67772 640.08 152.4
11259138 440018 3.73284e+06 10972.8 45 254.65 0 67772 640.08 152.4
11259136 417523 3.69942e+06 30899.1 3.13269e-11 61.7333 0 67773 640.08 152.4
11259137 366895 3.72275e+06 10363.2 150.469 249.506 0 67773 640.08 152.4
11259138 440200 3.73302e+06 10972.8 45 254.65 0 67773 640.08 152.4
