0 413636 3.69807e+06 30899.1 -0.0274156 0.514444 -665.846 27642 640.08 152.4
0 413634 3.69807e+06 30899.1 -0.0274156 0.514444 -665.846 27643 640.08 152.4
0 413634 3.69807e+06 30899.1 -0.0274156 0.514444 -665.846 27644 640.08 152.4
0 413636 3.69807e+06 30899.1 0.0274156 0 -665.846 27645 640.08 152.4
0 413634 3.69807e+06 30899.1 0.0274156 0 -665.846 27646 640.08 152.4
0 413636 3.69807e+06 30899.1 0.0274156 0 -665.846 27647 640.08 152.4
0 413636 3.69807e+06 30899.1 -0.0274156 0.514444 -665.846 27648 640.08 152.4
0 413636 3.69806e+06 30899.1 -0.0137078 0.514444 -665.846 27649 640.08 152.4
0 413636 3.69806e+06 30899.1 -0.0137078 0.514444 -665.846 27650 640.08 152.4
0 413636 3.69806e+06 30899.1 -0.0137078 0.514444 -665.846 27651 640.08 152.4
0 413638 3.69806e+06 30899.1 3.13269e-11 0.514444 -665.846 27652 640.08 152.4
0 413638 3.69806e+06 30899.1 3.13269e-11 0.514444 -665.846 27653 640.08 152.4
0 413638 3.69806e+06 30899.1 3.13269e-11 0.514444 -665.846 27654 640.08 152.4
0 413638 3.69806e+06 30899.1 3.13269e-11 0.514444 -665.846 27655 640.08 152.4
0 413638 3.69806e+06 30899.1 3.13269e-11 0.514444 -665.846 27656 640.08 152.4
0 413638 3.69806e+06 30899.1 -0.0137078 0.514444 -665.846 27657 640.08 152.4
0 413638 3.69806e+06 30899.1 -0.0137078 0.514444 -665.846 27658 640.08 152.4
0 413638 3.69806e+06 30899.1 -0.0137078 0.514444 -665.846 27659 640.08 152.4
0 413638 3.69806e+06 30899.1 -0.0137078 0.514444 -665.846 27660 640.08 152.4
0 413638 3.69806e+06 30899.1 -0.0137078 0.514444 -665.846 27661 640.08 152.4
0 413638 3.69806e+06 30899.1 -0.0137078 0.514444 -665.846 27662 640.08 152.4
0 413638 3.69806e+06 30899.1 -0.0137078 0.514444 -665.846 27663 640.08 152.4
0 413640 3.69806e+06 30899.1 -0.0137078 0.514444 -665.846 27664 640.08 152.4
0 413640 3.69806e+06 30899.1 -0.0137078 0.514444 -665.846 27665 640.08 152.4
0 413640 3.69806e+06 30899.1 -0.0137078 0.514444 -665.846 27666 640.08 152.4
0 413640 3.69806e+06 30899.1 -0.0137078 0.514444 -665.846 27667 640.08 152.4
0 413640 3.69806e+06 30899.1 -0.0137078 0.514444 -665.846 27668 640.08 152.4
0 413640 3.69806e+06 30899.1 -0.0137078 0.514444 -665.846 27669 640.08 152.4
0 413640 3.69806e+06 30899.1 -0.0137078 0.514444 -665.846 27670 640.08 152.4
0 413640 3.69806e+06 30899.1 -0.0137078 0.514444 -665.846 27671 640.08 152.4
0 413640 3.69806e+06 30899.1 -0.0137078 0.514444 -665.846 27672 640.08 152.4
0 413640 3.69806e+06 30899.1 -0.0137078 0.514444 -665.846 27673 640.08 152.4
0 413640 3.69806e+06 30899.1 3.13269e-11 0.514444 -665.846 27674 640.08 152.4
0 413640 3.69807e+06 30899.1 3.13269e-11 0.514444 -665.846 27677 640.08 152.4
0 413640 3.69807e+06 30899.1 3.13269e-11 0.514444 -665.846 27678 640.08 152.4
