11259136 405905 3.69953e+06 30899.1 3.13269e-11 61.7333 0 13007 640.08 152.4
11259137 406095 3.7002e+06 10363.2 150.469 249.506 0 13007 640.08 152.4
11259138 406964 3.70081e+06 10972.8 45 254.65 0 13007 640.08 152.4
11259136 405969 3.69953e+06 30899.1 3.13269e-11 61.7333 0 13008 640.08 152.4
11259137 405879 3.70033e+06 10363.2 150.469 249.506 0 13008 640.08 152.4
11259138 407148 3.70098e+06 10972.8 45 254.65 0 13008 640.08 152.4
11259136 406033 3.69953e+06 30899.1 3.13269e-11 61.7333 0 13009 640.08 152.4
11259137 405662 3.70045e+06 10363.2 150.469 249.506 0 13009 640.08 152.4
11259138 407331 3.70116e+06 10972.8 45 254.65 0 13009 640.08 152.4
11259136 406097 3.69953e+06 30899.1 3.13269e-11 61.7333 0 13010 640.08 152.4
11259137 405446 3.70057e+06 10363.2 150.469 249.506 0 13010 640.08 152.4
11259138 407514 3.70134e+06 10972.8 45 254.65 0 13010 640.08 152.4
11259136 406160 3.69953e+06 30899.1 3.13269e-11 61.7333 0 13011 640.08 152.4
11259137 405230 3.7007e+06 10363.2 150.469 249.506 0 13011 640.08 152.4
11259138 407697 3.70151e+06 10972.8 45 254.65 0 13011 640.08 152.4
11259136 406224 3.69953e+06 30899.1 3.13269e-11 61.7333 0 13012 640.08 152.4
11259137 405013 3.70082e+06 10363.2 150.469 249.506 0 13012 640.08 152.4
11259138 407881 3.70169e+06 10972.8 45 254.65 0 13012 640.08 152.4
11259136 406288 3.69952e+06 30899.1 3.13269e-11 61.7333 0 13013 640.08 152.4
11259137 404798 3.70095e+06 10363.2 150.469 249.506 0 13013 640.08 152.4
11259138 408064 3.70187e+06 10972.8 45 254.65 0 13013 640.08 152.4
11259137 404581 3.70107e+06 10363.2 150.469 249.506 0 13014 640.08 152.4
11259138 408247 3.70204e+06 10972.8 45 254.65 0 13014 640.08 152.4
11259136 406416 3.69952e+06 30899.1 3.13269e-11 61.7333 0 13015 640.08 152.4
11259137 404365 3.70119e+06 10363.2 150.469 249.506 0 13015 640.08 152.4
11259138 408430 3.70222e+06 10972.8 45 254.65 0 13015 640.08 152.4
11259136 406480 3.69952e+06 30899.1 3.13269e-11 61.7333 0 13016 640.08 152.4
11259137 404149 3.70132e+06 10363.2 150.469 249.506 0 13016 640.08 152.4
11259138 408613 3.7024e+06 10972.8 45 254.65 0 13016 640.08 152.4
11259136 406543 3.69952e+06 30899.1 3.13269e-11 61.7333 0 13017 640.08 152.4
11259137 403933 3.70144e+06 10363.2 150.469 249.506 0 13017 640.08 152.4
11259138 408796 3.70257e+06 10972.8 45 254.65 0 13017 640.08 152.4
11259136 406607 3.69952e+06 30899.1 3.13269e-11 61.7333 0 13018 640.08 152.4
11259137 403716 3.70156e+06 10363.2 150.469 249.506 0 13018 640.08 152.4
11259138 408979 3.70275e+06 10972.8 45 254.65 0 13018 640.08 152.4
11259136 406671 3.69952e+06 30899.1 3.13269e-11 61.7333 0 13019 640.08 152.4
11259137 403501 3.70169e+06 10363.2 150.469 249.506 0 13019 640.08 152.4
11259138 409162 3.70293e+06 10972.8 45 254.65 0 13019 640.08 152.4
11259136 406735 3.69952e+06 30899.1 3.13269e-11 61.7333 0 13020 640.08 152.4
11259137 403284 3.70181e+06 10363.2 150.469 249.506 0 13020 640.08 152.4
11259138 409345 3.7031e+06 10972.8 45 254.65 0 13020 640.08 152.4
11259136 406799 3.69952e+06 30899.1 3.13269e-11 61.7333 0 13021 640.08 152.4
11259137 403068 3.70193e+06 10363.2 150.469 249.506 0 13021 640.08 152.4
11259138 409529 3.70328e+06 10972.8 45 254.65 0 13021 640.08 152.4
11259136 406863 3.69952e+06 30899.1 3.13269e-11 61.7333 0 13022 640.08 152.4
11259137 402852 3.70206e+06 10363.2 150.469 249.506 0 13022 640.08 152.4
11259138 409712 3.70346e+06 10972.8 45 254.65 0 13022 640.08 152.4
11259136 406926 3.69952e+06 30899.1 3.13269e-11 61.7333 0 13023 640.08 152.4
11259137 402635 3.70218e+06 10363.2 150.469 249.506 0 13023 640.08 152.4
11259138 409895 3.70364e+06 10972.8 45 254.65 0 13023 640.08 152.4
11259136 406990 3.69952e+06 30899.1 3.13269e-11 61.7333 0 13024 640.08 152.4
11259137 402420 3.7023e+06 10363.2 150.469 249.506 0 13024 640.08 152.4
11259138 410078 3.70381e+06 10972.8 45 254.65 0 13024 640.08 152.4
11259136 407054 3.69952e+06 30899.1 3.13269e-11 61.7333 0 13025 640.08 152.4
11259137 402203 3.70243e+06 10363.2 150.469 249.506 0 13025 640.08 152.4
11259138 410261 3.70399e+06 10972.8 45 254.65 0 13025 640.08 152.4
11259136 407118 3.69952e+06 30899.1 3.13269e-11 61.7333 0 13026 640.08 152.4
11259137 401988 3.70255e+06 10363.2 150.469 249.506 0 13026 640.08 152.4
11259138 410444 3.70417e+06 10972.8 45 254.65 0 13026 640.08 152.4
11259136 407182 3.69952e+06 30899.1 3.13269e-11 61.7333 0 13028 640.08 152.4
11259137 401771 3.70267e+06 10363.2 150.469 249.506 0 13028 640.08 152.4
11259138 410628 3.70434e+06 10972.8 45 254.65 0 13028 640.08 152.4
11259136 407246 3.69952e+06 30899.1 3.13269e-11 61.7333 0 13029 640.08 152.4
11259137 401555 3.7028e+06 10363.2 150.469 249.506 0 13029 640.08 152.4
11259138 410811 3.70452e+06 10972.8 45 254.65 0 13029 640.08 152.4
11259136 407309 3.69951e+06 30899.1 3.13269e-11 61.7333 0 13030 640.08 152.4
11259137 401341 3.70292e+06 10363.2 150.469 249.506 0 13030 640.08 152.4
11259136 407373 3.69951e+06 30899.1 3.13269e-11 61.7333 0 13031 640.08 152.4
11259137 401125 3.70305e+06 10363.2 150.469 249.506 0 13031 640.08 152.4
11259138 411177 3.70487e+06 10972.8 45 254.65 0 13031 640.08 152.4
11259136 407437 3.69951e+06 30899.1 3.13269e-11 61.7333 0 13032 640.08 152.4
11259137 400909 3.70317e+06 10363.2 150.469 249.506 0 13032 640.08 152.4
11259138 411360 3.70505e+06 10972.8 45 254.65 0 13032 640.08 152.4
