11259136 412799 3.69946e+06 30899.1 3.13269e-11 61.7333 0 82569 640.08 152.4
11259137 382808 3.71357e+06 10363.2 150.469 249.506 0 82569 640.08 152.4
11259138 426713 3.71991e+06 10972.8 45 254.65 0 82569 640.08 152.4
11259136 412863 3.69946e+06 30899.1 3.13269e-11 61.7333 0 82570 640.08 152.4
11259137 382593 3.71369e+06 10363.2 150.469 249.506 0 82570 640.08 152.4
11259138 426896 3.72009e+06 10972.8 45 254.65 0 82570 640.08 152.4
11259136 412927 3.69946e+06 30899.1 3.13269e-11 61.7333 0 82571 640.08 152.4
11259137 382377 3.71381e+06 10363.2 150.469 249.506 0 82571 640.08 152.4
11259138 427078 3.72026e+06 10972.8 45 254.65 0 82571 640.08 152.4
11259136 412991 3.69946e+06 30899.1 3.13269e-11 61.7333 0 82572 640.08 152.4
11259137 382162 3.71394e+06 10363.2 150.469 249.506 0 82572 640.08 152.4
11259138 427261 3.72044e+06 10972.8 45 254.65 0 82572 640.08 152.4
11259136 413182 3.69946e+06 30899.1 3.13269e-11 61.7333 0 82575 640.08 152.4
11259137 381517 3.71431e+06 10363.2 150.469 249.506 0 82575 640.08 152.4
11259138 427808 3.72097e+06 10972.8 45 254.65 0 82575 640.08 152.4
11259136 413246 3.69946e+06 30899.1 3.13269e-11 61.7333 0 82576 640.08 152.4
11259137 381301 3.71443e+06 10363.2 150.469 249.506 0 82576 640.08 152.4
11259136 413310 3.69946e+06 30899.1 3.13269e-11 61.7333 0 82577 640.08 152.4
11259137 381086 3.71456e+06 10363.2 150.469 249.506 0 82577 640.08 152.4
11259138 428173 3.72133e+06 10972.8 45 254.65 0 82577 640.08 152.4
11259136 413374 3.69946e+06 30899.1 3.13269e-11 61.7333 0 82578 640.08 152.4
11259137 380872 3.71468e+06 10363.2 150.469 249.506 0 82578 640.08 152.4
11259138 428356 3.7215e+06 10972.8 45 254.65 0 82578 640.08 152.4
11259136 413437 3.69946e+06 30899.1 3.13269e-11 61.7333 0 82579 640.08 152.4
11259137 380656 3.71481e+06 10363.2 150.469 249.506 0 82579 640.08 152.4
11259138 428538 3.72168e+06 10972.8 45 254.65 0 82579 640.08 152.4
11259136 413501 3.69946e+06 30899.1 3.13269e-11 61.7333 0 82580 640.08 152.4
11259137 380441 3.71493e+06 10363.2 150.469 249.506 0 82580 640.08 152.4
11259138 428721 3.72186e+06 10972.8 45 254.65 0 82580 640.08 152.4
11259136 413565 3.69946e+06 30899.1 3.13269e-11 61.7333 0 82581 640.08 152.4
11259137 380225 3.71505e+06 10363.2 150.469 249.506 0 82581 640.08 152.4
11259138 428903 3.72203e+06 10972.8 45 254.65 0 82581 640.08 152.4
11259136 413629 3.69946e+06 30899.1 3.13269e-11 61.7333 0 82582 640.08 152.4
11259137 380010 3.71518e+06 10363.2 150.469 249.506 0 82582 640.08 152.4
11259138 429085 3.72221e+06 10972.8 45 254.65 0 82582 640.08 152.4
11259136 413693 3.69946e+06 30899.1 3.13269e-11 61.7333 0 82583 640.08 152.4
11259137 379796 3.7153e+06 10363.2 150.469 249.506 0 82583 640.08 152.4
11259138 429268 3.72239e+06 10972.8 45 254.65 0 82583 640.08 152.4
11259136 413757 3.69946e+06 30899.1 3.13269e-11 61.7333 0 82584 640.08 152.4
11259137 379580 3.71543e+06 10363.2 150.469 249.506 0 82584 640.08 152.4
11259138 429450 3.72257e+06 10972.8 45 254.65 0 82584 640.08 152.4
11259136 413820 3.69945e+06 30899.1 3.13269e-11 61.7333 0 82585 640.08 152.4
11259137 379365 3.71555e+06 10363.2 150.469 249.506 0 82585 640.08 152.4
11259138 429632 3.72274e+06 10972.8 45 254.65 0 82585 640.08 152.4
11259136 413884 3.69945e+06 30899.1 3.13269e-11 61.7333 0 82586 640.08 152.4
11259137 379149 3.71567e+06 10363.2 150.469 249.506 0 82586 640.08 152.4
11259138 429815 3.72292e+06 10972.8 45 254.65 0 82586 640.08 152.4
11259136 413948 3.69945e+06 30899.1 3.13269e-11 61.7333 0 82587 640.08 152.4
11259137 378934 3.7158e+06 10363.2 150.469 249.506 0 82587 640.08 152.4
11259138 429997 3.7231e+06 10972.8 45 254.65 0 82587 640.08 152.4
11259136 414012 3.69945e+06 30899.1 3.13269e-11 61.7333 0 82589 640.08 152.4
11259137 378720 3.71592e+06 10363.2 150.469 249.506 0 82589 640.08 152.4
11259138 430179 3.72327e+06 10972.8 45 254.65 0 82589 640.08 152.4
11259136 414076 3.69945e+06 30899.1 3.13269e-11 61.7333 0 82590 640.08 152.4
11259137 378504 3.71605e+06 10363.2 150.469 249.506 0 82590 640.08 152.4
11259138 430362 3.72345e+06 10972.8 45 254.65 0 82590 640.08 152.4
11259136 414140 3.69945e+06 30899.1 3.13269e-11 61.7333 0 82591 640.08 152.4
11259137 378289 3.71617e+06 10363.2 150.469 249.506 0 82591 640.08 152.4
11259138 430544 3.72363e+06 10972.8 45 254.65 0 82591 640.08 152.4
