11259136 405905 3.69953e+06 30899.1 3.13269e-11 61.7333 0 16579 640.08 152.4
11259137 406095 3.7002e+06 10363.2 150.469 249.506 0 16579 640.08 152.4
11259138 406964 3.70081e+06 10972.8 45 254.65 0 16579 640.08 152.4
11259136 405969 3.69953e+06 30899.1 3.13269e-11 61.7333 0 16580 640.08 152.4
11259137 405879 3.70033e+06 10363.2 150.469 249.506 0 16580 640.08 152.4
11259138 407148 3.70098e+06 10972.8 45 254.65 0 16580 640.08 152.4
11259136 406033 3.69953e+06 30899.1 3.13269e-11 61.7333 0 16582 640.08 152.4
11259137 405662 3.70045e+06 10363.2 150.469 249.506 0 16582 640.08 152.4
11259138 407331 3.70116e+06 10972.8 45 254.65 0 16582 640.08 152.4
11259136 406097 3.69953e+06 30899.1 3.13269e-11 61.7333 0 16583 640.08 152.4
11259137 405446 3.70057e+06 10363.2 150.469 249.506 0 16583 640.08 152.4
11259138 407514 3.70134e+06 10972.8 45 254.65 0 16583 640.08 152.4
11259136 406160 3.69953e+06 30899.1 3.13269e-11 61.7333 0 16584 640.08 152.4
11259137 405230 3.7007e+06 10363.2 150.469 249.506 0 16584 640.08 152.4
11259138 407697 3.70151e+06 10972.8 45 254.65 0 16584 640.08 152.4
11259136 406224 3.69953e+06 30899.1 3.13269e-11 61.7333 0 16585 640.08 152.4
11259137 405013 3.70082e+06 10363.2 150.469 249.506 0 16585 640.08 152.4
11259138 407881 3.70169e+06 10972.8 45 254.65 0 16585 640.08 152.4
11259136 406288 3.69952e+06 30899.1 3.13269e-11 61.7333 0 16586 640.08 152.4
11259137 404798 3.70095e+06 10363.2 150.469 249.506 0 16586 640.08 152.4
11259138 408064 3.70187e+06 10972.8 45 254.65 0 16586 640.08 152.4
11259136 406416 3.69952e+06 30899.1 3.13269e-11 61.7333 0 16588 640.08 152.4
11259137 404365 3.70119e+06 10363.2 150.469 249.506 0 16588 640.08 152.4
11259138 408430 3.70222e+06 10972.8 45 254.65 0 16588 640.08 152.4
11259136 406543 3.69952e+06 30899.1 3.13269e-11 61.7333 0 16590 640.08 152.4
11259137 403933 3.70144e+06 10363.2 150.469 249.506 0 16590 640.08 152.4
11259138 408796 3.70257e+06 10972.8 45 254.65 0 16590 640.08 152.4
11259136 406607 3.69952e+06 30899.1 3.13269e-11 61.7333 0 16591 640.08 152.4
11259137 403716 3.70156e+06 10363.2 150.469 249.506 0 16591 640.08 152.4
11259136 406671 3.69952e+06 30899.1 3.13269e-11 61.7333 0 16592 640.08 152.4
11259137 403501 3.70169e+06 10363.2 150.469 249.506 0 16592 640.08 152.4
11259138 409162 3.70293e+06 10972.8 45 254.65 0 16592 640.08 152.4
11259136 406735 3.69952e+06 30899.1 3.13269e-11 61.7333 0 16593 640.08 152.4
11259137 403284 3.70181e+06 10363.2 150.469 249.506 0 16593 640.08 152.4
11259138 409345 3.7031e+06 10972.8 45 254.65 0 16593 640.08 152.4
11259136 406799 3.69952e+06 30899.1 3.13269e-11 61.7333 0 16594 640.08 152.4
11259137 403068 3.70193e+06 10363.2 150.469 249.506 0 16594 640.08 152.4
11259138 409529 3.70328e+06 10972.8 45 254.65 0 16594 640.08 152.4
11259136 406863 3.69952e+06 30899.1 3.13269e-11 61.7333 0 16595 640.08 152.4
11259137 402852 3.70206e+06 10363.2 150.469 249.506 0 16595 640.08 152.4
11259138 409712 3.70346e+06 10972.8 45 254.65 0 16595 640.08 152.4
11259136 406926 3.69952e+06 30899.1 3.13269e-11 61.7333 0 16596 640.08 152.4
11259137 402635 3.70218e+06 10363.2 150.469 249.506 0 16596 640.08 152.4
11259138 409895 3.70364e+06 10972.8 45 254.65 0 16596 640.08 152.4
11259136 406990 3.69952e+06 30899.1 3.13269e-11 61.7333 0 16597 640.08 152.4
11259137 402420 3.7023e+06 10363.2 150.469 249.506 0 16597 640.08 152.4
11259138 410078 3.70381e+06 10972.8 45 254.65 0 16597 640.08 152.4
11259136 407054 3.69952e+06 30899.1 3.13269e-11 61.7333 0 16598 640.08 152.4
11259137 402203 3.70243e+06 10363.2 150.469 249.506 0 16598 640.08 152.4
11259138 410261 3.70399e+06 10972.8 45 254.65 0 16598 640.08 152.4
11259136 407118 3.69952e+06 30899.1 3.13269e-11 61.7333 0 16599 640.08 152.4
11259137 401988 3.70255e+06 10363.2 150.469 249.506 0 16599 640.08 152.4
11259138 410444 3.70417e+06 10972.8 45 254.65 0 16599 640.08 152.4
11259136 407182 3.69952e+06 30899.1 3.13269e-11 61.7333 0 16600 640.08 152.4
11259137 401771 3.70267e+06 10363.2 150.469 249.506 0 16600 640.08 152.4
11259138 410628 3.70434e+06 10972.8 45 254.65 0 16600 640.08 152.4
11259136 407246 3.69952e+06 30899.1 3.13269e-11 61.7333 0 16601 640.08 152.4
11259137 401555 3.7028e+06 10363.2 150.469 249.506 0 16601 640.08 152.4
11259138 410811 3.70452e+06 10972.8 45 254.65 0 16601 640.08 152.4
11259136 407309 3.69951e+06 30899.1 3.13269e-11 61.7333 0 16602 640.08 152.4
11259137 401341 3.70292e+06 10363.2 150.469 249.506 0 16602 640.08 152.4
11259136 407373 3.69951e+06 30899.1 3.13269e-11 61.7333 0 16603 640.08 152.4
11259137 401125 3.70305e+06 10363.2 150.469 249.506 0 16603 640.08 152.4
11259138 411177 3.70487e+06 10972.8 45 254.65 0 16603 640.08 152.4
11259136 407437 3.69951e+06 30899.1 3.13269e-11 61.7333 0 16604 640.08 152.4
11259137 400909 3.70317e+06 10363.2 150.469 249.506 0 16604 640.08 152.4
11259138 411360 3.70505e+06 10972.8 45 254.65 0 16604 640.08 152.4
11259136 407501 3.69951e+06 30899.1 3.13269e-11 61.7333 0 16605 640.08 152.4
11259137 400692 3.70329e+06 10363.2 150.469 249.506 0 16605 640.08 152.4
11259138 411543 3.70523e+06 10972.8 45 254.65 0 16605 640.08 152.4
11259136 407565 3.69951e+06 30899.1 3.13269e-11 61.7333 0 16606 640.08 152.4
11259137 400477 3.70342e+06 10363.2 150.469 249.506 0 16606 640.08 152.4
11259138 411726 3.7054e+06 10972.8 45 254.65 0 16606 640.08 152.4
11259136 407629 3.69951e+06 30899.1 3.13269e-11 61.7333 0 16607 640.08 152.4
11259137 400263 3.70354e+06 10363.2 150.469 249.506 0 16607 640.08 152.4
11259138 411909 3.70558e+06 10972.8 45 254.65 0 16607 640.08 152.4
11259136 407692 3.69951e+06 30899.1 3.13269e-11 61.7333 0 16608 640.08 152.4
11259137 400046 3.70366e+06 10363.2 150.469 249.506 0 16608 640.08 152.4
11259138 412092 3.70576e+06 10972.8 45 254.65 0 16608 640.08 152.4
11259136 407756 3.69951e+06 30899.1 3.13269e-11 61.7333 0 16609 640.08 152.4
11259137 399830 3.70379e+06 10363.2 150.469 249.506 0 16609 640.08 152.4
11259138 412275 3.70593e+06 10972.8 45 254.65 0 16609 640.08 152.4
11259136 407820 3.69951e+06 30899.1 3.13269e-11 61.7333 0 16610 640.08 152.4
11259137 399614 3.70391e+06 10363.2 150.469 249.506 0 16610 640.08 152.4
11259138 412458 3.70611e+06 10972.8 45 254.65 0 16610 640.08 152.4
11259136 407884 3.69951e+06 30899.1 3.13269e-11 61.7333 0 16611 640.08 152.4
11259137 399398 3.70403e+06 10363.2 150.469 249.506 0 16611 640.08 152.4
11259138 412641 3.70629e+06 10972.8 45 254.65 0 16611 640.08 152.4
11259137 399184 3.70416e+06 10363.2 150.469 249.506 0 16612 640.08 152.4
11259138 412824 3.70646e+06 10972.8 45 254.65 0 16612 640.08 152.4
11259136 408012 3.69951e+06 30899.1 3.13269e-11 61.7333 0 16613 640.08 152.4
11259137 398968 3.70428e+06 10363.2 150.469 249.506 0 16613 640.08 152.4
11259138 413007 3.70664e+06 10972.8 45 254.65 0 16613 640.08 152.4
11259136 408075 3.69951e+06 30899.1 3.13269e-11 61.7333 0 16614 640.08 152.4
11259137 398752 3.7044e+06 10363.2 150.469 249.506 0 16614 640.08 152.4
11259138 413190 3.70682e+06 10972.8 45 254.65 0 16614 640.08 152.4
11259136 408139 3.69951e+06 30899.1 3.13269e-11 61.7333 0 16615 640.08 152.4
11259137 398536 3.70453e+06 10363.2 150.469 249.506 0 16615 640.08 152.4
11259138 413373 3.70699e+06 10972.8 45 254.65 0 16615 640.08 152.4
11259136 408203 3.69951e+06 30899.1 3.13269e-11 61.7333 0 16616 640.08 152.4
11259138 413556 3.70717e+06 10972.8 45 254.65 0 16616 640.08 152.4
11259136 408267 3.69951e+06 30899.1 3.13269e-11 61.7333 0 16617 640.08 152.4
11259137 398106 3.70478e+06 10363.2 150.469 249.506 0 16617 640.08 152.4
11259138 413739 3.70735e+06 10972.8 45 254.65 0 16617 640.08 152.4
11259136 408331 3.69951e+06 30899.1 3.13269e-11 61.7333 0 16618 640.08 152.4
11259137 397889 3.7049e+06 10363.2 150.469 249.506 0 16618 640.08 152.4
11259138 413922 3.70752e+06 10972.8 45 254.65 0 16618 640.08 152.4
11259136 408395 3.6995e+06 30899.1 3.13269e-11 61.7333 0 16619 640.08 152.4
11259137 397674 3.70502e+06 10363.2 150.469 249.506 0 16619 640.08 152.4
11259138 414105 3.7077e+06 10972.8 45 254.65 0 16619 640.08 152.4
11259136 408458 3.6995e+06 30899.1 3.13269e-11 61.7333 0 16620 640.08 152.4
11259137 397458 3.70515e+06 10363.2 150.469 249.506 0 16620 640.08 152.4
11259138 414288 3.70788e+06 10972.8 45 254.65 0 16620 640.08 152.4
11259136 408522 3.6995e+06 30899.1 3.13269e-11 61.7333 0 16621 640.08 152.4
11259137 397242 3.70527e+06 10363.2 150.469 249.506 0 16621 640.08 152.4
11259138 414471 3.70805e+06 10972.8 45 254.65 0 16621 640.08 152.4
11259136 408586 3.6995e+06 30899.1 3.13269e-11 61.7333 0 16622 640.08 152.4
11259137 397028 3.70539e+06 10363.2 150.469 249.506 0 16622 640.08 152.4
11259138 414653 3.70823e+06 10972.8 45 254.65 0 16622 640.08 152.4
11259136 408650 3.6995e+06 30899.1 3.13269e-11 61.7333 0 16623 640.08 152.4
11259137 396811 3.70552e+06 10363.2 150.469 249.506 0 16623 640.08 152.4
11259138 414836 3.70841e+06 10972.8 45 254.65 0 16623 640.08 152.4
11259136 408714 3.6995e+06 30899.1 3.13269e-11 61.7333 0 16624 640.08 152.4
11259137 396596 3.70564e+06 10363.2 150.469 249.506 0 16624 640.08 152.4
11259136 408778 3.6995e+06 30899.1 3.13269e-11 61.7333 0 16625 640.08 152.4
11259137 396379 3.70576e+06 10363.2 150.469 249.506 0 16625 640.08 152.4
11259138 415202 3.70876e+06 10972.8 45 254.65 0 16625 640.08 152.4
11259136 408841 3.6995e+06 30899.1 3.13269e-11 61.7333 0 16626 640.08 152.4
11259137 396164 3.70589e+06 10363.2 150.469 249.506 0 16626 640.08 152.4
11259138 415385 3.70894e+06 10972.8 45 254.65 0 16626 640.08 152.4
11259136 408905 3.6995e+06 30899.1 3.13269e-11 61.7333 0 16627 640.08 152.4
11259137 395950 3.70601e+06 10363.2 150.469 249.506 0 16627 640.08 152.4
11259138 415568 3.70912e+06 10972.8 45 254.65 0 16627 640.08 152.4
11259136 408969 3.6995e+06 30899.1 3.13269e-11 61.7333 0 16628 640.08 152.4
11259137 395733 3.70614e+06 10363.2 150.469 249.506 0 16628 640.08 152.4
11259138 415751 3.70929e+06 10972.8 45 254.65 0 16628 640.08 152.4
11259136 409033 3.6995e+06 30899.1 3.13269e-11 61.7333 0 16629 640.08 152.4
11259137 395518 3.70626e+06 10363.2 150.469 249.506 0 16629 640.08 152.4
11259138 415934 3.70947e+06 10972.8 45 254.65 0 16629 640.08 152.4
11259136 409097 3.6995e+06 30899.1 3.13269e-11 61.7333 0 16630 640.08 152.4
11259137 395302 3.70638e+06 10363.2 150.469 249.506 0 16630 640.08 152.4
11259138 416117 3.70965e+06 10972.8 45 254.65 0 16630 640.08 152.4
11259136 409161 3.6995e+06 30899.1 3.13269e-11 61.7333 0 16631 640.08 152.4
11259137 395086 3.70651e+06 10363.2 150.469 249.506 0 16631 640.08 152.4
11259138 416300 3.70982e+06 10972.8 45 254.65 0 16631 640.08 152.4
11259136 409224 3.6995e+06 30899.1 3.13269e-11 61.7333 0 16632 640.08 152.4
11259137 394872 3.70663e+06 10363.2 150.469 249.506 0 16632 640.08 152.4
11259138 416483 3.71e+06 10972.8 45 254.65 0 16632 640.08 152.4
11259136 409288 3.6995e+06 30899.1 3.13269e-11 61.7333 0 16633 640.08 152.4
11259137 394656 3.70675e+06 10363.2 150.469 249.506 0 16633 640.08 152.4
11259138 416666 3.71018e+06 10972.8 45 254.65 0 16633 640.08 152.4
11259136 409352 3.6995e+06 30899.1 3.13269e-11 61.7333 0 16634 640.08 152.4
11259137 394440 3.70688e+06 10363.2 150.469 249.506 0 16634 640.08 152.4
11259138 416849 3.71035e+06 10972.8 45 254.65 0 16634 640.08 152.4
11259136 409416 3.69949e+06 30899.1 3.13269e-11 61.7333 0 16635 640.08 152.4
11259137 394224 3.707e+06 10363.2 150.469 249.506 0 16635 640.08 152.4
11259138 417032 3.71053e+06 10972.8 45 254.65 0 16635 640.08 152.4
11259136 409480 3.69949e+06 30899.1 3.13269e-11 61.7333 0 16636 640.08 152.4
11259137 394008 3.70713e+06 10363.2 150.469 249.506 0 16636 640.08 152.4
11259138 417215 3.71071e+06 10972.8 45 254.65 0 16636 640.08 152.4
11259136 409544 3.69949e+06 30899.1 3.13269e-11 61.7333 0 16637 640.08 152.4
11259137 393794 3.70725e+06 10363.2 150.469 249.506 0 16637 640.08 152.4
11259138 417397 3.71088e+06 10972.8 45 254.65 0 16637 640.08 152.4
11259136 409607 3.69949e+06 30899.1 3.13269e-11 61.7333 0 16638 640.08 152.4
11259137 393578 3.70737e+06 10363.2 150.469 249.506 0 16638 640.08 152.4
11259138 417580 3.71106e+06 10972.8 45 254.65 0 16638 640.08 152.4
11259136 409671 3.69949e+06 30899.1 3.13269e-11 61.7333 0 16639 640.08 152.4
11259137 393362 3.7075e+06 10363.2 150.469 249.506 0 16639 640.08 152.4
11259138 417763 3.71124e+06 10972.8 45 254.65 0 16639 640.08 152.4
11259136 409735 3.69949e+06 30899.1 3.13269e-11 61.7333 0 16640 640.08 152.4
11259137 393146 3.70762e+06 10363.2 150.469 249.506 0 16640 640.08 152.4
11259138 417945 3.71141e+06 10972.8 45 254.65 0 16640 640.08 152.4
11259136 409799 3.69949e+06 30899.1 3.13269e-11 61.7333 0 16641 640.08 152.4
11259137 392931 3.70774e+06 10363.2 150.469 249.506 0 16641 640.08 152.4
11259138 418128 3.71159e+06 10972.8 45 254.65 0 16641 640.08 152.4
