11259136 437119 3.69928e+06 30899.1 3.13269e-11 61.7333 0 16699 640.08 152.4
11259137 301077 3.76117e+06 10363.2 150.469 249.506 0 16699 640.08 152.4
11259138 496014 3.78761e+06 10972.8 45 254.65 0 16699 640.08 152.4
11259137 300863 3.7613e+06 10363.2 150.469 249.506 0 16700 640.08 152.4
11259138 496196 3.78779e+06 10972.8 45 254.65 0 16700 640.08 152.4
11259136 437247 3.69927e+06 30899.1 3.13269e-11 61.7333 0 16701 640.08 152.4
11259137 300650 3.76142e+06 10363.2 150.469 249.506 0 16701 640.08 152.4
11259138 496377 3.78797e+06 10972.8 45 254.65 0 16701 640.08 152.4
11259136 437311 3.69927e+06 30899.1 3.13269e-11 61.7333 0 16702 640.08 152.4
11259137 300434 3.76155e+06 10363.2 150.469 249.506 0 16702 640.08 152.4
11259138 496559 3.78815e+06 10972.8 45 254.65 0 16702 640.08 152.4
11259136 437375 3.69927e+06 30899.1 3.13269e-11 61.7333 0 16703 640.08 152.4
11259137 300220 3.76167e+06 10363.2 150.469 249.506 0 16703 640.08 152.4
11259138 496741 3.78833e+06 10972.8 45 254.65 0 16703 640.08 152.4
11259136 437438 3.69927e+06 30899.1 3.13269e-11 61.7333 0 16704 640.08 152.4
11259137 300005 3.7618e+06 10363.2 150.469 249.506 0 16704 640.08 152.4
11259138 496923 3.78851e+06 10972.8 45 254.65 0 16704 640.08 152.4
11259136 437502 3.69927e+06 30899.1 3.13269e-11 61.7333 0 16705 640.08 152.4
11259137 299791 3.76192e+06 10363.2 150.469 249.506 0 16705 640.08 152.4
11259138 497105 3.78869e+06 10972.8 45 254.65 0 16705 640.08 152.4
11259136 437566 3.69927e+06 30899.1 3.13269e-11 61.7333 0 16706 640.08 152.4
11259137 299576 3.76205e+06 10363.2 150.469 249.506 0 16706 640.08 152.4
11259138 497287 3.78886e+06 10972.8 45 254.65 0 16706 640.08 152.4
11259136 437630 3.69927e+06 30899.1 3.13269e-11 61.7333 0 16707 640.08 152.4
11259137 299363 3.76218e+06 10363.2 150.469 249.506 0 16708 640.08 152.4
11259138 497469 3.78904e+06 10972.8 45 254.65 0 16708 640.08 152.4
11259136 437694 3.69927e+06 30899.1 3.13269e-11 61.7333 0 16709 640.08 152.4
11259137 299149 3.7623e+06 10363.2 150.469 249.506 0 16709 640.08 152.4
11259138 497651 3.78922e+06 10972.8 45 254.65 0 16709 640.08 152.4
