11259136 417842 3.69942e+06 30899.1 3.13269e-11 61.7333 0 84618 640.08 152.4
11259137 365821 3.72338e+06 10363.2 150.469 249.506 0 84618 640.08 152.4
11259138 441109 3.73391e+06 10972.8 45 254.65 0 84618 640.08 152.4
11259136 417906 3.69942e+06 30899.1 3.13269e-11 61.7333 0 84619 640.08 152.4
11259137 365605 3.7235e+06 10363.2 150.469 249.506 0 84619 640.08 152.4
11259138 441291 3.73408e+06 10972.8 45 254.65 0 84619 640.08 152.4
11259136 417970 3.69942e+06 30899.1 3.13269e-11 61.7333 0 84620 640.08 152.4
11259137 365391 3.72362e+06 10363.2 150.469 249.506 0 84620 640.08 152.4
11259138 441473 3.73426e+06 10972.8 45 254.65 0 84620 640.08 152.4
11259136 418033 3.69942e+06 30899.1 3.13269e-11 61.7333 0 84621 640.08 152.4
11259137 365175 3.72375e+06 10363.2 150.469 249.506 0 84621 640.08 152.4
11259138 441655 3.73444e+06 10972.8 45 254.65 0 84621 640.08 152.4
11259136 418097 3.69942e+06 30899.1 3.13269e-11 61.7333 0 84622 640.08 152.4
11259137 364960 3.72387e+06 10363.2 150.469 249.506 0 84622 640.08 152.4
11259138 441837 3.73462e+06 10972.8 45 254.65 0 84622 640.08 152.4
11259136 418161 3.69942e+06 30899.1 3.13269e-11 61.7333 0 84623 640.08 152.4
11259137 364747 3.724e+06 10363.2 150.469 249.506 0 84623 640.08 152.4
11259138 442019 3.73479e+06 10972.8 45 254.65 0 84623 640.08 152.4
11259136 418225 3.69942e+06 30899.1 3.13269e-11 61.7333 0 84624 640.08 152.4
11259138 442201 3.73497e+06 10972.8 45 254.65 0 84624 640.08 152.4
11259136 418289 3.69942e+06 30899.1 3.13269e-11 61.7333 0 84625 640.08 152.4
11259137 364317 3.72425e+06 10363.2 150.469 249.506 0 84625 640.08 152.4
11259138 442383 3.73515e+06 10972.8 45 254.65 0 84625 640.08 152.4
11259136 418353 3.69942e+06 30899.1 3.13269e-11 61.7333 0 84626 640.08 152.4
11259137 364101 3.72437e+06 10363.2 150.469 249.506 0 84626 640.08 152.4
11259138 442565 3.73533e+06 10972.8 45 254.65 0 84626 640.08 152.4
11259136 418416 3.69941e+06 30899.1 3.13269e-11 61.7333 0 84627 640.08 152.4
11259137 363886 3.7245e+06 10363.2 150.469 249.506 0 84627 640.08 152.4
11259138 442747 3.7355e+06 10972.8 45 254.65 0 84627 640.08 152.4
11259136 418480 3.69941e+06 30899.1 3.13269e-11 61.7333 0 84628 640.08 152.4
11259137 363673 3.72462e+06 10363.2 150.469 249.506 0 84628 640.08 152.4
11259138 442929 3.73568e+06 10972.8 45 254.65 0 84628 640.08 152.4
11259136 418544 3.69941e+06 30899.1 3.13269e-11 61.7333 0 84629 640.08 152.4
11259138 443111 3.73586e+06 10972.8 45 254.65 0 84629 640.08 152.4
11259136 418608 3.69941e+06 30899.1 3.13269e-11 61.7333 0 84630 640.08 152.4
11259137 363243 3.72487e+06 10363.2 150.469 249.506 0 84630 640.08 152.4
11259138 443293 3.73604e+06 10972.8 45 254.65 0 84630 640.08 152.4
11259136 418672 3.69941e+06 30899.1 3.13269e-11 61.7333 0 84631 640.08 152.4
11259137 363027 3.72499e+06 10363.2 150.469 249.506 0 84631 640.08 152.4
11259138 443475 3.73621e+06 10972.8 45 254.65 0 84631 640.08 152.4
11259136 418736 3.69941e+06 30899.1 3.13269e-11 61.7333 0 84632 640.08 152.4
11259137 362813 3.72512e+06 10363.2 150.469 249.506 0 84632 640.08 152.4
11259138 443657 3.73639e+06 10972.8 45 254.65 0 84632 640.08 152.4
11259136 418799 3.69941e+06 30899.1 3.13269e-11 61.7333 0 84633 640.08 152.4
11259137 362599 3.72524e+06 10363.2 150.469 249.506 0 84633 640.08 152.4
11259138 443838 3.73657e+06 10972.8 45 254.65 0 84633 640.08 152.4
