0 413680 3.69803e+06 30899.1 -0.0137078 3.08667 -665.846 27750 640.08 152.4
0 413681 3.69803e+06 30899.1 -0.0137078 3.60111 -665.846 27751 640.08 152.4
0 413681 3.69802e+06 30899.1 -0.0158496 3.08667 -665.846 27752 640.08 152.4
0 413683 3.69802e+06 30899.1 -0.0158496 3.08667 -665.846 27753 640.08 152.4
0 413686 3.69802e+06 30899.1 -0.0137078 3.08667 -665.846 27754 640.08 152.4
0 413688 3.69802e+06 30899.1 -0.0137078 3.08667 -665.846 27755 640.08 152.4
0 413688 3.69801e+06 30899.1 -0.0137078 3.60111 -665.846 27756 640.08 152.4
0 413690 3.69801e+06 30899.1 -0.0137078 3.60111 -665.846 27757 640.08 152.4
0 413690 3.69801e+06 30899.1 -0.0158496 3.08667 -665.846 27758 640.08 152.4
0 413690 3.69801e+06 30899.1 -0.0158496 3.08667 -665.846 27759 640.08 152.4
0 413691 3.69801e+06 30899.1 -0.0137078 3.08667 -665.846 27760 640.08 152.4
0 413691 3.69801e+06 30899.1 -0.0137078 3.08667 -665.846 27761 640.08 152.4
0 413693 3.69801e+06 30899.1 -0.0137078 3.08667 -665.846 27762 640.08 152.4
0 413693 3.69801e+06 30899.1 -0.0158496 3.08667 -665.846 27763 640.08 152.4
0 413693 3.69801e+06 30899.1 -0.0158496 3.08667 -665.846 27764 640.08 152.4
0 413693 3.69801e+06 30899.1 -0.0158496 3.08667 -665.846 27765 640.08 152.4
0 413693 3.698e+06 30899.1 -0.0158496 3.08667 -665.846 27766 640.08 152.4
0 413693 3.698e+06 30899.1 -0.0137078 3.08667 -665.846 27767 640.08 152.4
0 413695 3.698e+06 30899.1 -0.0137078 3.08667 -665.846 27768 640.08 152.4
0 413695 3.698e+06 30899.1 -0.0137078 3.08667 -665.846 27769 640.08 152.4
0 413695 3.698e+06 30899.1 -0.0158496 3.08667 -665.846 27770 640.08 152.4
0 413695 3.698e+06 30899.1 -0.0158496 3.08667 -665.846 27771 640.08 152.4
0 413695 3.698e+06 30899.1 -0.0137078 3.08667 -665.846 27772 640.08 152.4
0 413693 3.698e+06 30899.1 -0.016278 2.57222 -665.846 27773 640.08 152.4
0 413693 3.698e+06 30899.1 -0.016278 2.57222 -665.846 27774 640.08 152.4
0 413693 3.698e+06 30899.1 -0.0137078 3.08667 -665.846 27775 640.08 152.4
0 413691 3.698e+06 30899.1 -0.0111376 2.57222 -665.846 27776 640.08 152.4
0 413668 3.69803e+06 30899.1 -0.008139 1.02889 -665.846 27777 640.08 152.4
0 413654 3.69805e+06 30899.1 -0.0137078 0.514444 -665.846 27778 640.08 152.4
0 413646 3.69806e+06 30899.1 3.13269e-11 0.514444 -665.846 27779 640.08 152.4
0 413636 3.69807e+06 30899.1 -0.0137078 0.514444 -665.846 27781 640.08 152.4
0 413634 3.69807e+06 30899.1 -0.0137078 0.514444 -665.846 27782 640.08 152.4
