11259136 405969 3.69953e+06 30899.1 3.13269e-11 61.7333 0 14102 640.08 152.4
11259137 405879 3.70033e+06 10363.2 150.469 249.506 0 14102 640.08 152.4
11259138 407148 3.70098e+06 10972.8 45 254.65 0 14102 640.08 152.4
11259136 406033 3.69953e+06 30899.1 3.13269e-11 61.7333 0 14103 640.08 152.4
11259137 405662 3.70045e+06 10363.2 150.469 249.506 0 14103 640.08 152.4
11259138 407331 3.70116e+06 10972.8 45 254.65 0 14103 640.08 152.4
11259136 406097 3.69953e+06 30899.1 3.13269e-11 61.7333 0 14104 640.08 152.4
11259137 405446 3.70057e+06 10363.2 150.469 249.506 0 14104 640.08 152.4
11259138 407514 3.70134e+06 10972.8 45 254.65 0 14104 640.08 152.4
11259136 406160 3.69953e+06 30899.1 3.13269e-11 61.7333 0 14105 640.08 152.4
11259137 405230 3.7007e+06 10363.2 150.469 249.506 0 14105 640.08 152.4
11259138 407697 3.70151e+06 10972.8 45 254.65 0 14105 640.08 152.4
11259136 406224 3.69953e+06 30899.1 3.13269e-11 61.7333 0 14106 640.08 152.4
11259137 405013 3.70082e+06 10363.2 150.469 249.506 0 14106 640.08 152.4
11259138 407881 3.70169e+06 10972.8 45 254.65 0 14106 640.08 152.4
11259136 406288 3.69952e+06 30899.1 3.13269e-11 61.7333 0 14107 640.08 152.4
11259137 404798 3.70095e+06 10363.2 150.469 249.506 0 14107 640.08 152.4
11259138 408064 3.70187e+06 10972.8 45 254.65 0 14107 640.08 152.4
11259136 406352 3.69952e+06 30899.1 3.13269e-11 61.7333 0 14108 640.08 152.4
11259137 404581 3.70107e+06 10363.2 150.469 249.506 0 14108 640.08 152.4
11259138 408247 3.70204e+06 10972.8 45 254.65 0 14108 640.08 152.4
11259136 406416 3.69952e+06 30899.1 3.13269e-11 61.7333 0 14109 640.08 152.4
11259137 404365 3.70119e+06 10363.2 150.469 249.506 0 14109 640.08 152.4
11259138 408430 3.70222e+06 10972.8 45 254.65 0 14109 640.08 152.4
11259136 406480 3.69952e+06 30899.1 3.13269e-11 61.7333 0 14110 640.08 152.4
11259137 404149 3.70132e+06 10363.2 150.469 249.506 0 14110 640.08 152.4
11259136 406543 3.69952e+06 30899.1 3.13269e-11 61.7333 0 14111 640.08 152.4
11259137 403933 3.70144e+06 10363.2 150.469 249.506 0 14111 640.08 152.4
11259138 408796 3.70257e+06 10972.8 45 254.65 0 14111 640.08 152.4
11259136 406607 3.69952e+06 30899.1 3.13269e-11 61.7333 0 14112 640.08 152.4
11259137 403716 3.70156e+06 10363.2 150.469 249.506 0 14112 640.08 152.4
11259138 408979 3.70275e+06 10972.8 45 254.65 0 14112 640.08 152.4
11259136 406671 3.69952e+06 30899.1 3.13269e-11 61.7333 0 14113 640.08 152.4
11259137 403501 3.70169e+06 10363.2 150.469 249.506 0 14113 640.08 152.4
11259138 409162 3.70293e+06 10972.8 45 254.65 0 14113 640.08 152.4
11259136 406735 3.69952e+06 30899.1 3.13269e-11 61.7333 0 14114 640.08 152.4
11259137 403284 3.70181e+06 10363.2 150.469 249.506 0 14114 640.08 152.4
11259138 409345 3.7031e+06 10972.8 45 254.65 0 14114 640.08 152.4
11259136 406799 3.69952e+06 30899.1 3.13269e-11 61.7333 0 14115 640.08 152.4
11259137 403068 3.70193e+06 10363.2 150.469 249.506 0 14115 640.08 152.4
11259138 409529 3.70328e+06 10972.8 45 254.65 0 14115 640.08 152.4
11259136 406863 3.69952e+06 30899.1 3.13269e-11 61.7333 0 14116 640.08 152.4
11259137 402852 3.70206e+06 10363.2 150.469 249.506 0 14116 640.08 152.4
11259138 409712 3.70346e+06 10972.8 45 254.65 0 14116 640.08 152.4
11259136 406926 3.69952e+06 30899.1 3.13269e-11 61.7333 0 14117 640.08 152.4
11259137 402635 3.70218e+06 10363.2 150.469 249.506 0 14117 640.08 152.4
11259138 409895 3.70364e+06 10972.8 45 254.65 0 14117 640.08 152.4
11259136 406990 3.69952e+06 30899.1 3.13269e-11 61.7333 0 14118 640.08 152.4
11259137 402420 3.7023e+06 10363.2 150.469 249.506 0 14118 640.08 152.4
11259138 410078 3.70381e+06 10972.8 45 254.65 0 14118 640.08 152.4
11259136 407054 3.69952e+06 30899.1 3.13269e-11 61.7333 0 14119 640.08 152.4
11259137 402203 3.70243e+06 10363.2 150.469 249.506 0 14119 640.08 152.4
11259138 410261 3.70399e+06 10972.8 45 254.65 0 14119 640.08 152.4
11259136 407118 3.69952e+06 30899.1 3.13269e-11 61.7333 0 14120 640.08 152.4
11259137 401988 3.70255e+06 10363.2 150.469 249.506 0 14120 640.08 152.4
11259138 410444 3.70417e+06 10972.8 45 254.65 0 14120 640.08 152.4
11259136 407182 3.69952e+06 30899.1 3.13269e-11 61.7333 0 14121 640.08 152.4
11259137 401771 3.70267e+06 10363.2 150.469 249.506 0 14121 640.08 152.4
11259138 410628 3.70434e+06 10972.8 45 254.65 0 14121 640.08 152.4
11259136 407246 3.69952e+06 30899.1 3.13269e-11 61.7333 0 14122 640.08 152.4
11259137 401555 3.7028e+06 10363.2 150.469 249.506 0 14122 640.08 152.4
11259138 410811 3.70452e+06 10972.8 45 254.65 0 14122 640.08 152.4
11259136 407309 3.69951e+06 30899.1 3.13269e-11 61.7333 0 14123 640.08 152.4
11259137 401341 3.70292e+06 10363.2 150.469 249.506 0 14123 640.08 152.4
11259136 407373 3.69951e+06 30899.1 3.13269e-11 61.7333 0 14124 640.08 152.4
11259137 401125 3.70305e+06 10363.2 150.469 249.506 0 14124 640.08 152.4
11259138 411177 3.70487e+06 10972.8 45 254.65 0 14124 640.08 152.4
11259136 407437 3.69951e+06 30899.1 3.13269e-11 61.7333 0 14125 640.08 152.4
11259137 400909 3.70317e+06 10363.2 150.469 249.506 0 14125 640.08 152.4
11259138 411360 3.70505e+06 10972.8 45 254.65 0 14125 640.08 152.4
11259136 407565 3.69951e+06 30899.1 3.13269e-11 61.7333 0 14128 640.08 152.4
11259137 400477 3.70342e+06 10363.2 150.469 249.506 0 14128 640.08 152.4
11259138 411726 3.7054e+06 10972.8 45 254.65 0 14128 640.08 152.4
11259136 407629 3.69951e+06 30899.1 3.13269e-11 61.7333 0 14129 640.08 152.4
11259137 400263 3.70354e+06 10363.2 150.469 249.506 0 14129 640.08 152.4
11259138 411909 3.70558e+06 10972.8 45 254.65 0 14129 640.08 152.4
11259136 407692 3.69951e+06 30899.1 3.13269e-11 61.7333 0 14130 640.08 152.4
11259137 400046 3.70366e+06 10363.2 150.469 249.506 0 14130 640.08 152.4
11259138 412092 3.70576e+06 10972.8 45 254.65 0 14130 640.08 152.4
11259136 407756 3.69951e+06 30899.1 3.13269e-11 61.7333 0 14131 640.08 152.4
11259137 399830 3.70379e+06 10363.2 150.469 249.506 0 14131 640.08 152.4
11259138 412275 3.70593e+06 10972.8 45 254.65 0 14131 640.08 152.4
11259136 407820 3.69951e+06 30899.1 3.13269e-11 61.7333 0 14132 640.08 152.4
11259137 399614 3.70391e+06 10363.2 150.469 249.506 0 14132 640.08 152.4
11259138 412458 3.70611e+06 10972.8 45 254.65 0 14132 640.08 152.4
11259136 407884 3.69951e+06 30899.1 3.13269e-11 61.7333 0 14133 640.08 152.4
11259137 399398 3.70403e+06 10363.2 150.469 249.506 0 14133 640.08 152.4
11259138 412641 3.70629e+06 10972.8 45 254.65 0 14133 640.08 152.4
11259136 407948 3.69951e+06 30899.1 3.13269e-11 61.7333 0 14134 640.08 152.4
11259137 399184 3.70416e+06 10363.2 150.469 249.506 0 14134 640.08 152.4
11259138 412824 3.70646e+06 10972.8 45 254.65 0 14134 640.08 152.4
11259136 408012 3.69951e+06 30899.1 3.13269e-11 61.7333 0 14135 640.08 152.4
11259137 398968 3.70428e+06 10363.2 150.469 249.506 0 14135 640.08 152.4
11259138 413007 3.70664e+06 10972.8 45 254.65 0 14135 640.08 152.4
11259136 408075 3.69951e+06 30899.1 3.13269e-11 61.7333 0 14136 640.08 152.4
11259137 398752 3.7044e+06 10363.2 150.469 249.506 0 14136 640.08 152.4
11259138 413190 3.70682e+06 10972.8 45 254.65 0 14136 640.08 152.4
11259136 408139 3.69951e+06 30899.1 3.13269e-11 61.7333 0 14137 640.08 152.4
11259137 398536 3.70453e+06 10363.2 150.469 249.506 0 14137 640.08 152.4
11259138 413373 3.70699e+06 10972.8 45 254.65 0 14137 640.08 152.4
11259136 408203 3.69951e+06 30899.1 3.13269e-11 61.7333 0 14138 640.08 152.4
11259138 413556 3.70717e+06 10972.8 45 254.65 0 14138 640.08 152.4
11259136 408267 3.69951e+06 30899.1 3.13269e-11 61.7333 0 14139 640.08 152.4
11259138 413739 3.70735e+06 10972.8 45 254.65 0 14139 640.08 152.4
11259136 408331 3.69951e+06 30899.1 3.13269e-11 61.7333 0 14140 640.08 152.4
11259137 397889 3.7049e+06 10363.2 150.469 249.506 0 14140 640.08 152.4
11259138 413922 3.70752e+06 10972.8 45 254.65 0 14140 640.08 152.4
11259136 408395 3.6995e+06 30899.1 3.13269e-11 61.7333 0 14141 640.08 152.4
11259137 397674 3.70502e+06 10363.2 150.469 249.506 0 14141 640.08 152.4
11259138 414105 3.7077e+06 10972.8 45 254.65 0 14141 640.08 152.4
11259136 408458 3.6995e+06 30899.1 3.13269e-11 61.7333 0 14142 640.08 152.4
11259137 397458 3.70515e+06 10363.2 150.469 249.506 0 14142 640.08 152.4
11259138 414288 3.70788e+06 10972.8 45 254.65 0 14142 640.08 152.4
11259136 408522 3.6995e+06 30899.1 3.13269e-11 61.7333 0 14143 640.08 152.4
11259137 397242 3.70527e+06 10363.2 150.469 249.506 0 14143 640.08 152.4
11259138 414471 3.70805e+06 10972.8 45 254.65 0 14143 640.08 152.4
11259136 408586 3.6995e+06 30899.1 3.13269e-11 61.7333 0 14144 640.08 152.4
11259137 397028 3.70539e+06 10363.2 150.469 249.506 0 14144 640.08 152.4
11259138 414653 3.70823e+06 10972.8 45 254.65 0 14144 640.08 152.4
11259136 408650 3.6995e+06 30899.1 3.13269e-11 61.7333 0 14145 640.08 152.4
11259137 396811 3.70552e+06 10363.2 150.469 249.506 0 14145 640.08 152.4
11259138 414836 3.70841e+06 10972.8 45 254.65 0 14145 640.08 152.4
11259136 408714 3.6995e+06 30899.1 3.13269e-11 61.7333 0 14146 640.08 152.4
11259137 396596 3.70564e+06 10363.2 150.469 249.506 0 14146 640.08 152.4
11259136 408778 3.6995e+06 30899.1 3.13269e-11 61.7333 0 14147 640.08 152.4
11259137 396379 3.70576e+06 10363.2 150.469 249.506 0 14147 640.08 152.4
11259138 415202 3.70876e+06 10972.8 45 254.65 0 14147 640.08 152.4
11259136 408841 3.6995e+06 30899.1 3.13269e-11 61.7333 0 14148 640.08 152.4
11259137 396164 3.70589e+06 10363.2 150.469 249.506 0 14148 640.08 152.4
11259138 415385 3.70894e+06 10972.8 45 254.65 0 14148 640.08 152.4
11259136 408905 3.6995e+06 30899.1 3.13269e-11 61.7333 0 14149 640.08 152.4
11259137 395950 3.70601e+06 10363.2 150.469 249.506 0 14149 640.08 152.4
11259138 415568 3.70912e+06 10972.8 45 254.65 0 14149 640.08 152.4
11259136 408969 3.6995e+06 30899.1 3.13269e-11 61.7333 0 14150 640.08 152.4
11259137 395733 3.70614e+06 10363.2 150.469 249.506 0 14150 640.08 152.4
11259138 415751 3.70929e+06 10972.8 45 254.65 0 14150 640.08 152.4
11259136 409033 3.6995e+06 30899.1 3.13269e-11 61.7333 0 14151 640.08 152.4
11259137 395518 3.70626e+06 10363.2 150.469 249.506 0 14151 640.08 152.4
11259138 415934 3.70947e+06 10972.8 45 254.65 0 14151 640.08 152.4
11259136 409097 3.6995e+06 30899.1 3.13269e-11 61.7333 0 14152 640.08 152.4
11259137 395302 3.70638e+06 10363.2 150.469 249.506 0 14152 640.08 152.4
11259138 416117 3.70965e+06 10972.8 45 254.65 0 14152 640.08 152.4
11259136 409161 3.6995e+06 30899.1 3.13269e-11 61.7333 0 14153 640.08 152.4
11259137 395086 3.70651e+06 10363.2 150.469 249.506 0 14153 640.08 152.4
11259138 416300 3.70982e+06 10972.8 45 254.65 0 14153 640.08 152.4
11259136 409224 3.6995e+06 30899.1 3.13269e-11 61.7333 0 14154 640.08 152.4
11259137 394872 3.70663e+06 10363.2 150.469 249.506 0 14154 640.08 152.4
11259138 416483 3.71e+06 10972.8 45 254.65 0 14154 640.08 152.4
11259136 409288 3.6995e+06 30899.1 3.13269e-11 61.7333 0 14155 640.08 152.4
11259137 394656 3.70675e+06 10363.2 150.469 249.506 0 14155 640.08 152.4
11259138 416666 3.71018e+06 10972.8 45 254.65 0 14155 640.08 152.4
11259136 409352 3.6995e+06 30899.1 3.13269e-11 61.7333 0 14156 640.08 152.4
11259137 394440 3.70688e+06 10363.2 150.469 249.506 0 14156 640.08 152.4
11259138 416849 3.71035e+06 10972.8 45 254.65 0 14156 640.08 152.4
11259136 409416 3.69949e+06 30899.1 3.13269e-11 61.7333 0 14157 640.08 152.4
11259137 394224 3.707e+06 10363.2 150.469 249.506 0 14157 640.08 152.4
11259138 417032 3.71053e+06 10972.8 45 254.65 0 14157 640.08 152.4
11259136 409480 3.69949e+06 30899.1 3.13269e-11 61.7333 0 14158 640.08 152.4
11259137 394008 3.70713e+06 10363.2 150.469 249.506 0 14158 640.08 152.4
11259138 417215 3.71071e+06 10972.8 45 254.65 0 14158 640.08 152.4
11259136 409544 3.69949e+06 30899.1 3.13269e-11 61.7333 0 14159 640.08 152.4
11259137 393794 3.70725e+06 10363.2 150.469 249.506 0 14159 640.08 152.4
11259138 417397 3.71088e+06 10972.8 45 254.65 0 14159 640.08 152.4
11259136 409607 3.69949e+06 30899.1 3.13269e-11 61.7333 0 14160 640.08 152.4
11259137 393578 3.70737e+06 10363.2 150.469 249.506 0 14160 640.08 152.4
11259138 417580 3.71106e+06 10972.8 45 254.65 0 14160 640.08 152.4
11259136 409671 3.69949e+06 30899.1 3.13269e-11 61.7333 0 14161 640.08 152.4
11259137 393362 3.7075e+06 10363.2 150.469 249.506 0 14161 640.08 152.4
11259138 417763 3.71124e+06 10972.8 45 254.65 0 14161 640.08 152.4
11259136 409735 3.69949e+06 30899.1 3.13269e-11 61.7333 0 14162 640.08 152.4
11259137 393146 3.70762e+06 10363.2 150.469 249.506 0 14162 640.08 152.4
11259138 417945 3.71141e+06 10972.8 45 254.65 0 14162 640.08 152.4
11259136 409799 3.69949e+06 30899.1 3.13269e-11 61.7333 0 14163 640.08 152.4
11259137 392931 3.70774e+06 10363.2 150.469 249.506 0 14163 640.08 152.4
11259138 418128 3.71159e+06 10972.8 45 254.65 0 14163 640.08 152.4
11259136 409863 3.69949e+06 30899.1 3.13269e-11 61.7333 0 14164 640.08 152.4
11259137 392717 3.70787e+06 10363.2 150.469 249.506 0 14164 640.08 152.4
11259138 418311 3.71177e+06 10972.8 45 254.65 0 14164 640.08 152.4
11259136 409927 3.69949e+06 30899.1 3.13269e-11 61.7333 0 14165 640.08 152.4
11259137 392500 3.70799e+06 10363.2 150.469 249.506 0 14165 640.08 152.4
11259138 418494 3.71195e+06 10972.8 45 254.65 0 14165 640.08 152.4
11259136 409990 3.69949e+06 30899.1 3.13269e-11 61.7333 0 14166 640.08 152.4
11259137 392285 3.70812e+06 10363.2 150.469 249.506 0 14166 640.08 152.4
11259138 418677 3.71212e+06 10972.8 45 254.65 0 14166 640.08 152.4
11259136 410054 3.69949e+06 30899.1 3.13269e-11 61.7333 0 14167 640.08 152.4
11259137 392069 3.70824e+06 10363.2 150.469 249.506 0 14167 640.08 152.4
11259138 418860 3.7123e+06 10972.8 45 254.65 0 14167 640.08 152.4
11259136 410118 3.69949e+06 30899.1 3.13269e-11 61.7333 0 14168 640.08 152.4
11259137 391853 3.70836e+06 10363.2 150.469 249.506 0 14168 640.08 152.4
11259138 419042 3.71248e+06 10972.8 45 254.65 0 14168 640.08 152.4
11259136 410182 3.69949e+06 30899.1 3.13269e-11 61.7333 0 14169 640.08 152.4
11259137 391639 3.70849e+06 10363.2 150.469 249.506 0 14169 640.08 152.4
11259138 419225 3.71265e+06 10972.8 45 254.65 0 14169 640.08 152.4
11259136 410246 3.69949e+06 30899.1 3.13269e-11 61.7333 0 14170 640.08 152.4
11259137 391423 3.70861e+06 10363.2 150.469 249.506 0 14170 640.08 152.4
11259138 419408 3.71283e+06 10972.8 45 254.65 0 14170 640.08 152.4
11259136 410310 3.69949e+06 30899.1 3.13269e-11 61.7333 0 14171 640.08 152.4
11259137 391207 3.70873e+06 10363.2 150.469 249.506 0 14171 640.08 152.4
11259138 419591 3.71301e+06 10972.8 45 254.65 0 14171 640.08 152.4
11259136 410373 3.69949e+06 30899.1 3.13269e-11 61.7333 0 14172 640.08 152.4
11259137 390991 3.70886e+06 10363.2 150.469 249.506 0 14172 640.08 152.4
11259138 419774 3.71318e+06 10972.8 45 254.65 0 14172 640.08 152.4
11259136 410437 3.69949e+06 30899.1 3.13269e-11 61.7333 0 14173 640.08 152.4
11259137 390776 3.70898e+06 10363.2 150.469 249.506 0 14173 640.08 152.4
11259138 419956 3.71336e+06 10972.8 45 254.65 0 14173 640.08 152.4
11259136 410501 3.69948e+06 30899.1 3.13269e-11 61.7333 0 14174 640.08 152.4
11259137 390562 3.70911e+06 10363.2 150.469 249.506 0 14174 640.08 152.4
11259138 420139 3.71354e+06 10972.8 45 254.65 0 14174 640.08 152.4
11259136 410565 3.69948e+06 30899.1 3.13269e-11 61.7333 0 14175 640.08 152.4
11259137 390346 3.70923e+06 10363.2 150.469 249.506 0 14175 640.08 152.4
11259138 420322 3.71371e+06 10972.8 45 254.65 0 14175 640.08 152.4
11259136 410629 3.69948e+06 30899.1 3.13269e-11 61.7333 0 14176 640.08 152.4
11259137 390130 3.70935e+06 10363.2 150.469 249.506 0 14176 640.08 152.4
11259138 420504 3.71389e+06 10972.8 45 254.65 0 14176 640.08 152.4
11259136 410693 3.69948e+06 30899.1 3.13269e-11 61.7333 0 14177 640.08 152.4
11259137 389914 3.70948e+06 10363.2 150.469 249.506 0 14177 640.08 152.4
11259138 420687 3.71407e+06 10972.8 45 254.65 0 14177 640.08 152.4
11259136 410756 3.69948e+06 30899.1 3.13269e-11 61.7333 0 14178 640.08 152.4
11259137 389699 3.7096e+06 10363.2 150.469 249.506 0 14178 640.08 152.4
11259138 420870 3.71425e+06 10972.8 45 254.65 0 14178 640.08 152.4
11259136 410820 3.69948e+06 30899.1 3.13269e-11 61.7333 0 14179 640.08 152.4
11259137 389485 3.70972e+06 10363.2 150.469 249.506 0 14179 640.08 152.4
11259138 421052 3.71442e+06 10972.8 45 254.65 0 14179 640.08 152.4
11259136 410884 3.69948e+06 30899.1 3.13269e-11 61.7333 0 14180 640.08 152.4
11259137 389268 3.70985e+06 10363.2 150.469 249.506 0 14180 640.08 152.4
11259136 410948 3.69948e+06 30899.1 3.13269e-11 61.7333 0 14181 640.08 152.4
11259137 389053 3.70997e+06 10363.2 150.469 249.506 0 14181 640.08 152.4
11259138 421418 3.71478e+06 10972.8 45 254.65 0 14181 640.08 152.4
11259136 411012 3.69948e+06 30899.1 3.13269e-11 61.7333 0 14182 640.08 152.4
11259137 388837 3.7101e+06 10363.2 150.469 249.506 0 14182 640.08 152.4
11259138 421601 3.71495e+06 10972.8 45 254.65 0 14182 640.08 152.4
11259136 411076 3.69948e+06 30899.1 3.13269e-11 61.7333 0 14183 640.08 152.4
11259137 388622 3.71022e+06 10363.2 150.469 249.506 0 14183 640.08 152.4
11259138 421783 3.71513e+06 10972.8 45 254.65 0 14183 640.08 152.4
11259136 411139 3.69948e+06 30899.1 3.13269e-11 61.7333 0 14184 640.08 152.4
11259137 388408 3.71034e+06 10363.2 150.469 249.506 0 14184 640.08 152.4
11259138 421966 3.71531e+06 10972.8 45 254.65 0 14184 640.08 152.4
11259136 411203 3.69948e+06 30899.1 3.13269e-11 61.7333 0 14185 640.08 152.4
11259137 388191 3.71047e+06 10363.2 150.469 249.506 0 14185 640.08 152.4
11259138 422149 3.71548e+06 10972.8 45 254.65 0 14185 640.08 152.4
11259136 411267 3.69948e+06 30899.1 3.13269e-11 61.7333 0 14186 640.08 152.4
11259137 387976 3.71059e+06 10363.2 150.469 249.506 0 14186 640.08 152.4
11259138 422331 3.71566e+06 10972.8 45 254.65 0 14186 640.08 152.4
