10734770 398158.000000 3699680.000000 1798.320000 177.187000 27.265500 5.608325 228.000000 160.020000 38.100000
10734770 398123.033375 3699682.949850 1803.795000 177.187500 27.394175 5.608325 229.000000 160.020000 38.100000
10734770 398105.668625 3699684.296375 1807.605000 177.187500 27.394175 5.527050 230.000000 160.020000 38.100000
10734770 398050.725125 3699687.203600 1819.035000 177.187500 27.522775 5.527050 231.000000 160.020000 38.100000
10734770 398023.792075 3699689.286475 1824.750000 177.187500 27.522775 5.527050 232.000000 160.020000 38.100000
10734770 398006.960475 3699690.733825 1828.560000 177.187500 27.522775 5.527050 233.000000 160.020000 38.100000
10734770 397986.226825 3699692.117025 1832.370000 177.187500 27.522775 5.527050 234.000000 160.020000 38.100000
10734770 397965.493175 3699693.500200 1836.180000 177.187500 27.522775 5.527050 235.000000 160.020000 38.100000
10734770 397935.551500 3699696.144775 1841.895000 177.187500 27.522775 5.608325 236.000000 160.020000 38.100000
10734770 397904.185700 3699698.276100 1847.610000 177.187500 27.651400 5.608325 237.000000 160.020000 38.100000
10734770 397879.735275 3699700.334175 1853.325000 177.187500 27.651400 5.608325 238.000000 160.020000 38.100000
10734770 397854.917825 3699701.233150 1859.040000 177.187500 27.522775 5.689600 239.000000 160.020000 38.100000
10734770 397827.453075 3699703.323900 1864.755000 177.187500 27.522775 5.770875 240.000000 160.020000 38.100000
10734770 397775.176650 3699706.843450 1876.185000 177.187500 27.522775 5.689600 241.000000 160.020000 38.100000
10734770 397752.150525 3699709.416375 1879.995000 177.187500 27.522775 5.689600 242.000000 160.020000 38.100000
10734770 397723.495375 3699710.728775 1885.392500 177.187500 27.522775 5.608325 243.000000 160.020000 38.100000
10734770 397694.840200 3699712.041150 1890.790000 177.187500 27.522775 5.527050 244.000000 160.020000 38.100000
10734770 397666.185050 3699713.353550 1896.187500 177.187500 27.522775 5.445775 245.000000 160.020000 38.100000
10734770 397637.529900 3699714.665950 1901.585000 177.187500 27.522775 5.364475 246.000000 160.020000 38.100000
10734770 397608.874725 3699715.978325 1906.982500 177.187500 27.522775 5.283200 247.000000 160.020000 38.100000
10734770 397580.219575 3699717.290725 1912.380000 177.187500 27.522775 5.201925 248.000000 160.020000 38.100000
10734770 397551.867425 3699719.288425 1918.095000 177.187500 27.522775 5.120650 249.000000 160.020000 38.100000
10734770 397525.454350 3699720.208000 1921.905000 177.187500 27.651400 5.039350 250.000000 160.020000 38.100000
10734770 397498.526150 3699722.684775 1926.350000 177.187500 27.694275 4.958075 251.000000 160.020000 38.100000
10734770 397471.597950 3699725.161525 1930.795000 177.187500 27.737125 4.876800 252.000000 160.020000 38.100000
10734770 397444.669750 3699727.638300 1935.240000 174.375000 27.780000 4.795525 253.000000 160.020000 38.100000
10734770 397433.242725 3699728.661025 1938.097500 174.375000 27.780000 4.754875 254.000000 160.020000 38.100000
10734770 397421.815675 3699729.683750 1940.955000 174.375000 27.780000 4.714250 255.000000 160.020000 38.100000
10734770 397389.471325 3699736.338325 1946.289000 174.375000 27.780000 4.714250 256.000000 160.020000 38.100000
10734770 397357.127000 3699742.992925 1951.623000 174.375000 27.780000 4.714250 257.000000 160.020000 38.100000
10734770 397324.782650 3699749.647500 1956.957000 174.375000 27.780000 4.714250 258.000000 160.020000 38.100000
10734770 397292.438325 3699756.302100 1962.291000 174.375000 27.780000 4.714250 259.000000 160.020000 38.100000
10734770 397260.093975 3699762.956675 1967.625000 174.375000 27.780000 4.714250 260.000000 160.020000 38.100000
10734770 397232.707575 3699772.138800 1973.340000 174.375000 27.780000 4.714250 261.000000 160.020000 38.100000
10734770 397203.916750 3699782.605625 1979.055000 174.375000 27.780000 4.714250 262.000000 160.020000 38.100000
10734770 397177.069625 3699792.417000 1982.865000 160.312500 28.165825 4.958075 263.000000 160.020000 38.100000
10734770 397147.767025 3699804.687925 1988.580000 160.312500 28.165825 4.958075 264.000000 160.020000 38.100000
10734770 397125.017025 3699816.147075 1994.295000 156.093700 28.294450 4.958075 265.000000 160.020000 38.100000
10734770 397113.127025 3699823.415825 1996.200000 156.093700 28.358750 4.917450 266.000000 160.020000 38.100000
10734770 397101.237025 3699830.684575 1998.105000 154.687500 28.423050 4.876800 267.000000 160.020000 38.100000
10734770 397054.204000 3699859.225775 2007.630000 149.062500 28.423050 4.795525 268.000000 160.020000 38.100000
10734770 397027.810650 3699877.917150 2011.440000 147.656200 28.680275 4.632950 269.000000 160.020000 38.100000
10734770 397008.661525 3699894.202450 2015.250000 144.843800 28.680275 4.551675 270.000000 160.020000 38.100000
10734770 396989.335350 3699910.489875 2019.060000 139.218700 28.937500 4.389125 271.000000 160.020000 38.100000
10734770 396964.223825 3699932.763450 2024.775000 136.406200 29.066100 4.307850 272.000000 160.020000 38.100000
10734770 396954.321350 3699943.289450 2026.680000 136.406200 29.066100 4.307850 273.000000 160.020000 38.100000
10734770 396944.418900 3699953.815425 2028.585000 136.406200 29.066100 4.307850 274.000000 160.020000 38.100000
10734770 396927.791650 3699973.563450 2032.395000 133.593700 29.194725 4.226550 275.000000 160.020000 38.100000
10734770 396906.976225 3699999.385825 2036.205000 129.375000 29.323325 4.307850 276.000000 160.020000 38.100000
10734770 396893.676850 3700020.648550 2040.332500 128.437500 29.366200 4.307850 277.000000 160.020000 38.100000
10734770 396880.377500 3700041.911275 2044.460000 127.500000 29.409075 4.307850 278.000000 160.020000 38.100000
10734770 396867.078125 3700063.174000 2048.587500 126.562500 29.451950 4.307850 279.000000 160.020000 38.100000
10734770 396827.180025 3700126.962200 2060.970000 126.562500 29.451950 4.307850 280.000000 160.020000 38.100000
10734770 396816.032700 3700152.995525 2064.780000 122.343800 29.516250 4.551675 281.000000 160.020000 38.100000
10734770 396804.885350 3700179.028875 2068.590000 118.125000 29.580550 4.795525 282.000000 160.020000 38.100000
10734770 396793.665750 3700206.490825 2074.305000 118.125000 29.580550 4.795525 283.000000 160.020000 38.100000
10734770 396782.446150 3700233.952775 2080.020000 118.125000 29.580550 4.795525 284.000000 160.020000 38.100000
10734770 396772.425950 3700262.119250 2084.646425 116.919600 29.635675 4.807125 285.000000 160.020000 38.100000
10734770 396762.405750 3700290.285750 2089.272850 115.714300 29.690800 4.818750 286.000000 160.020000 38.100000
10734770 396752.385550 3700318.452225 2093.899275 114.508900 29.745925 4.830350 287.000000 160.020000 38.100000
10734770 396742.365375 3700346.618700 2098.525725 113.303600 29.801025 4.841975 288.000000 160.020000 38.100000
10734770 396732.345175 3700374.785175 2103.152150 112.098200 29.856150 4.853575 289.000000 160.020000 38.100000
10734770 396722.324975 3700402.951675 2107.778575 110.892900 29.911275 4.865200 290.000000 160.020000 38.100000
10734770 396712.304775 3700431.118150 2112.405000 109.687500 29.966400 4.876800 291.000000 160.020000 38.100000
10734770 396703.241050 3700460.936050 2118.120000 109.687500 29.966400 4.632950 292.000000 160.020000 38.100000
10734770 396695.017875 3700486.620200 2121.930000 109.687500 30.095000 4.470400 293.000000 160.020000 38.100000
10734770 396684.878075 3700515.286875 2125.740000 108.281200 30.223600 4.470400 294.000000 160.020000 38.100000
10734770 396670.854075 3700561.234900 2133.360000 108.281200 30.223600 4.389125 295.000000 160.020000 38.100000
10734770 396666.572100 3700574.660600 2135.265000 108.281200 30.223600 4.429750 296.000000 160.020000 38.100000
10734770 396662.290125 3700588.086300 2137.170000 108.281200 30.223600 4.470400 297.000000 160.020000 38.100000
10734770 396656.980725 3700604.749000 2139.075000 108.281200 30.223600 4.551675 298.000000 160.020000 38.100000
10734770 396647.939700 3700636.470500 2144.790000 108.281200 30.352225 4.551675 299.000000 160.020000 38.100000
10734770 396638.161575 3700665.662175 2148.600000 108.281200 30.352225 4.551675 300.000000 160.020000 38.100000
10734770 396624.501325 3700712.241100 2156.220000 107.578100 30.416525 4.551675 301.000000 160.020000 38.100000
10734770 396610.841100 3700758.820000 2163.840000 106.875000 30.480825 4.551675 302.000000 160.020000 38.100000
10734770 396601.957400 3700788.636425 2168.602500 106.875000 30.480825 4.551675 303.000000 160.020000 38.100000
10734770 396593.073700 3700818.452850 2173.365000 106.875000 30.480825 4.551675 304.000000 160.020000 38.100000
10734770 396584.880325 3700846.569525 2177.175000 106.875000 30.480825 4.470400 305.000000 160.020000 38.100000
10734770 396578.521775 3700864.407525 2180.985000 106.875000 30.609450 4.470400 306.000000 160.020000 38.100000
10734770 396570.559325 3700897.280650 2184.795000 106.875000 30.609450 4.470400 307.000000 160.020000 38.100000
10734770 396561.853825 3700927.095250 2188.605000 106.875000 30.738050 4.470400 308.000000 160.020000 38.100000
10734770 396551.791250 3700962.318625 2194.320000 106.875000 30.738050 4.551675 309.000000 160.020000 38.100000
10734770 396547.435775 3700976.961625 2197.177500 106.875000 30.738050 4.592325 310.000000 160.020000 38.100000
10734770 396543.080300 3700991.604625 2200.035000 106.875000 30.738050 4.632950 311.000000 160.020000 38.100000
10734770 396535.425800 3701020.244275 2203.845000 106.875000 30.738050 4.632950 312.000000 160.020000 38.100000
10734770 396525.349800 3701054.198875 2209.560000 106.875000 30.738050 4.714250 313.000000 160.020000 38.100000
10734770 396517.171225 3701083.479025 2213.370000 106.875000 30.738050 4.714250 314.000000 160.020000 38.100000
10734770 396513.977600 3701098.955100 2217.180000 105.468700 30.609450 4.714250 315.000000 160.020000 38.100000
10734770 396504.407775 3701130.577550 2220.990000 105.468700 30.609450 4.714250 316.000000 160.020000 38.100000
10734770 396492.818725 3701171.740700 2228.610000 105.468700 30.609450 4.795525 317.000000 160.020000 38.100000
10734770 396488.057875 3701189.666800 2232.420000 105.468700 30.609450 4.795525 318.000000 160.020000 38.100000
10734770 396478.071425 3701231.446550 2238.135000 105.468700 30.609450 4.795525 319.000000 160.020000 38.100000
10734770 396468.515775 3701264.232350 2243.850000 105.468700 30.609450 4.795525 320.000000 160.020000 38.100000
10734770 396456.423875 3701307.833750 2251.470000 105.468700 30.609450 4.795525 321.000000 160.020000 38.100000
10734770 396448.791850 3701338.271400 2255.280000 105.468700 30.609450 4.795525 322.000000 160.020000 38.100000
10734770 396443.238675 3701364.455450 2259.090000 105.468700 30.480825 4.714250 323.000000 160.020000 38.100000
10734770 396435.580775 3701392.566825 2264.805000 105.468700 30.480825 4.632950 324.000000 160.020000 38.100000
10734770 396423.987225 3701433.095975 2270.520000 105.468700 30.609450 4.632950 325.000000 160.020000 38.100000
10734770 396416.614775 3701462.896325 2274.330000 105.468700 30.609450 4.592325 326.000000 160.020000 38.100000
10734770 396409.242325 3701492.696675 2278.140000 105.468700 30.609450 4.551675 327.000000 160.020000 38.100000
10734770 396401.847600 3701520.488000 2282.902500 105.468700 30.609450 4.511050 328.000000 160.020000 38.100000
10734770 396394.452850 3701548.279325 2287.665000 105.468700 30.609450 4.470400 329.000000 160.020000 38.100000
10734770 396389.873825 3701566.468075 2290.522500 105.468700 30.609450 4.470400 330.000000 160.020000 38.100000
10734770 396385.294775 3701584.656800 2293.380000 105.468700 30.609450 4.470400 331.000000 160.020000 38.100000
10734770 396376.797900 3701616.796625 2297.190000 105.468700 30.609450 4.389125 332.000000 160.020000 38.100000
10734770 396365.752450 3701658.589050 2302.905000 105.468700 30.609450 4.389125 333.000000 160.020000 38.100000
10734770 396358.613700 3701685.425875 2306.715000 105.468700 30.609450 4.389125 334.000000 160.020000 38.100000
10734770 396349.417300 3701718.314050 2312.430000 105.468700 30.609450 4.307850 335.000000 160.020000 38.100000
10734770 396340.581600 3701751.727000 2317.192500 105.468700 30.609450 4.307850 336.000000 160.020000 38.100000
10734770 396331.745925 3701785.139950 2321.955000 105.468700 30.609450 4.307850 337.000000 160.020000 38.100000
10734770 396322.699925 3701815.594200 2325.765000 105.468700 30.738050 4.307850 338.000000 160.020000 38.100000
10734770 396315.562225 3701842.431200 2329.575000 105.468700 30.738050 4.226550 339.000000 160.020000 38.100000
10734770 396307.240425 3701874.167625 2333.766000 105.468700 30.789500 4.161525 340.000000 160.020000 38.100000
10734770 396298.918625 3701905.904050 2337.957000 105.468700 30.840950 4.096500 341.000000 160.020000 38.100000
10734770 396290.596800 3701937.640500 2342.148000 105.468700 30.892375 4.031500 342.000000 160.020000 38.100000
10734770 396282.275000 3701969.376925 2346.339000 105.468700 30.943825 3.966475 343.000000 160.020000 38.100000
10734770 396273.953200 3702001.113350 2350.530000 105.468700 30.995275 3.901450 344.000000 160.020000 38.100000
10734770 396266.809475 3702027.316075 2354.340000 105.468700 31.123900 3.820150 345.000000 160.020000 38.100000
10734770 396258.113650 3702057.237925 2358.150000 105.468700 31.123900 3.820150 346.000000 160.020000 38.100000
10734770 396250.492925 3702088.205175 2361.960000 105.468700 31.123900 3.820150 347.000000 160.020000 38.100000
10734770 396241.797550 3702118.127100 2365.770000 105.468700 31.123900 3.820150 348.000000 160.020000 38.100000
10734770 396232.323725 3702157.470175 2369.580000 105.468700 31.252500 3.901450 349.000000 160.020000 38.100000
10734770 396227.815375 3702173.860725 2372.437500 105.468700 31.252500 3.901450 350.000000 160.020000 38.100000
10734770 396223.307050 3702190.251275 2375.295000 105.468700 31.252500 3.901450 351.000000 160.020000 38.100000
10734770 396215.157075 3702221.330450 2379.105000 105.468700 31.252500 3.982725 352.000000 160.020000 38.100000
10734770 396206.573650 3702253.207775 2382.915000 105.468700 31.252500 4.023375 353.000000 160.020000 38.100000
10734770 396197.990225 3702285.085125 2386.725000 105.468700 31.252500 4.064000 354.000000 160.020000 38.100000
10734770 396193.187175 3702298.888100 2388.630000 105.468700 31.252500 3.982725 355.000000 160.020000 38.100000
10734770 396184.539175 3702332.828525 2394.345000 105.468700 31.381100 3.982725 356.000000 160.020000 38.100000
10734770 396172.124925 3702378.233550 2400.060000 105.468700 31.381100 3.901450 357.000000 160.020000 38.100000
10734770 396163.969125 3702408.678525 2403.870000 105.468700 31.381100 3.820150 358.000000 160.020000 38.100000
10734770 396155.860575 3702443.247475 2407.680000 105.468700 31.509725 3.820150 359.000000 160.020000 38.100000
10734770 396147.658175 3702469.568575 2411.490000 105.468700 31.509725 3.738875 360.000000 160.020000 38.100000
10734770 396139.349600 3702502.077675 2415.300000 105.468700 31.574025 3.738875 361.000000 160.020000 38.100000
10734770 396131.041000 3702534.586775 2419.110000 105.468700 31.638325 3.738875 362.000000 160.020000 38.100000
10734770 396123.382650 3702561.959325 2421.015000 105.468700 31.766950 3.657600 363.000000 160.020000 38.100000
10734770 396114.731900 3702595.477125 2424.825000 105.468700 31.766950 3.657600 364.000000 160.020000 38.100000
10734770 396109.451900 3702613.939050 2428.635000 105.468700 31.766950 3.738875 365.000000 160.020000 38.100000
10734770 396097.570850 3702659.232800 2434.350000 105.468700 31.766950 3.738875 366.000000 160.020000 38.100000
10734770 396085.644300 3702700.508425 2438.160000 105.468700 31.766950 3.820150 367.000000 160.020000 38.100000
10734770 396077.530800 3702734.443300 2443.875000 105.468700 31.766950 3.901450 368.000000 160.020000 38.100000
10734770 396069.867750 3702761.287400 2445.780000 105.468700 31.766950 3.901450 369.000000 160.020000 38.100000
10734770 396062.219400 3702789.400425 2449.590000 105.468700 31.766950 3.901450 370.000000 160.020000 38.100000
10734770 396054.596675 3702819.734075 2453.400000 105.468700 31.895550 3.982725 371.000000 160.020000 38.100000
10734770 396049.567000 3702836.765625 2456.257500 105.468700 31.895550 3.982725 372.000000 160.020000 38.100000
10734770 396044.537350 3702853.797150 2459.115000 105.468700 31.895550 3.982725 373.000000 160.020000 38.100000
10734770 396036.398375 3702885.405900 2462.925000 105.468700 31.895550 3.982725 374.000000 160.020000 38.100000
10734770 396028.212350 3702912.890700 2466.735000 105.468700 31.895550 3.982725 375.000000 160.020000 38.100000
10734770 396018.677800 3702946.313400 2470.545000 105.468700 31.895550 3.982725 376.000000 160.020000 38.100000
10734770 396011.064725 3702977.387425 2474.355000 105.468700 31.895550 4.064000 377.000000 160.020000 38.100000
10734770 395998.663675 3703023.322425 2480.070000 105.468700 31.895550 4.064000 378.000000 160.020000 38.100000
10734770 395993.351650 3703038.823900 2481.975000 105.468700 31.895550 4.064000 379.000000 160.020000 38.100000
10734770 395983.328275 3703075.848125 2487.690000 105.468700 31.895550 4.145275 380.000000 160.020000 38.100000
10734770 395979.399000 3703088.372575 2489.595000 105.468700 31.895550 4.145275 381.000000 160.020000 38.100000
10734770 395969.082725 3703130.688100 2495.310000 105.468700 31.895550 4.145275 382.000000 160.020000 38.100000
10734770 395959.103875 3703165.300825 2499.882000 105.750000 31.921275 4.080250 383.000000 160.020000 38.100000
10734770 395949.125025 3703199.913575 2504.454000 106.031200 31.947000 4.015225 384.000000 160.020000 38.100000
10734770 395939.146200 3703234.526300 2509.026000 106.312500 31.972725 3.950200 385.000000 160.020000 38.100000
10734770 395929.167350 3703269.139050 2513.598000 106.593700 31.998450 3.885175 386.000000 160.020000 38.100000
10734770 395919.188500 3703303.751775 2518.170000 106.875000 32.024175 3.820150 387.000000 160.020000 38.100000
10734770 395905.239175 3703353.301050 2523.885000 106.875000 32.152775 3.738875 388.000000 160.020000 38.100000
10734770 395897.281075 3703384.908400 2527.695000 106.875000 32.281400 3.657600 389.000000 160.020000 38.100000
10734770 395892.502975 3703400.509775 2527.695000 106.875000 32.281400 3.495050 390.000000 160.020000 38.100000
10734770 395883.319325 3703433.294650 2531.505000 106.875000 32.281400 3.495050 391.000000 160.020000 38.100000
10734770 395873.284925 3703469.050600 2535.315000 106.875000 32.410000 3.413750 392.000000 160.020000 38.100000
10734770 395862.244750 3703509.683050 2541.030000 106.875000 32.410000 3.332475 393.000000 160.020000 38.100000
10734770 395852.688400 3703540.780300 2542.935000 106.875000 32.410000 3.413750 394.000000 160.020000 38.100000
10734770 395848.178975 3703556.590225 2544.840000 106.875000 32.474300 3.413750 395.000000 160.020000 38.100000
10734770 395843.669525 3703572.400150 2546.745000 106.875000 32.538600 3.413750 396.000000 160.020000 38.100000
10734770 395834.990300 3703602.747050 2550.555000 106.875000 32.667225 3.413750 397.000000 160.020000 38.100000
10734770 395825.986600 3703635.635925 2554.365000 106.875000 32.538600 3.495050 398.000000 160.020000 38.100000
10734770 395818.329675 3703662.481100 2558.175000 106.875000 32.667225 3.495050 399.000000 160.020000 38.100000
10734770 395808.624475 3703695.906975 2560.080000 106.875000 32.667225 3.495050 400.000000 160.020000 38.100000
10734770 395800.648200 3703725.717125 2563.890000 106.875000 32.795825 3.495050 401.000000 160.020000 38.100000
10734770 395786.165750 3703774.639025 2569.605000 106.875000 32.795825 3.495050 402.000000 160.020000 38.100000
10734770 395777.666350 3703805.089875 2573.415000 106.875000 32.795825 3.413750 403.000000 160.020000 38.100000
10734770 395768.473825 3703836.817925 2575.320000 106.875000 33.053050 3.332475 404.000000 160.020000 38.100000
10734770 395760.001875 3703869.595225 2579.130000 106.875000 33.053050 3.251200 405.000000 160.020000 38.100000
10734770 395749.767425 3703903.027575 2582.940000 106.875000 33.053050 3.251200 406.000000 160.020000 38.100000
10734770 395740.738000 3703933.484800 2584.845000 106.875000 33.181675 3.332475 407.000000 160.020000 38.100000
10734770 395731.225650 3703968.072200 2588.655000 106.875000 33.181675 3.332475 408.000000 160.020000 38.100000
10734770 395721.172925 3704001.819900 2592.465000 106.875000 33.181675 3.332475 409.000000 160.020000 38.100000
10734770 395711.120200 3704035.567625 2596.275000 106.875000 33.181675 3.332475 410.000000 160.020000 38.100000
10734770 395704.097925 3704055.848975 2598.180000 106.875000 33.181675 3.373100 411.000000 160.020000 38.100000
10734770 395697.075625 3704076.130325 2600.085000 108.281200 33.181675 3.413750 412.000000 160.020000 38.100000
10734770 395686.985650 3704106.600150 2603.895000 108.281200 33.053050 3.332475 413.000000 160.020000 38.100000
10734770 395674.424175 3704137.627575 2607.705000 111.093800 33.053050 3.332475 414.000000 160.020000 38.100000
10734770 395669.641850 3704152.595075 2609.610000 111.093800 33.053050 3.332475 415.000000 160.020000 38.100000
10734770 395656.026300 3704184.269425 2611.515000 112.500000 33.053050 3.251200 416.000000 160.020000 38.100000
10734770 395636.708675 3704218.654625 2615.325000 114.750000 33.001600 3.218700 417.000000 160.020000 38.100000
10734770 395617.391050 3704253.039825 2619.135000 117.000000 32.950150 3.186175 418.000000 160.020000 38.100000
10734770 395598.073400 3704287.425025 2622.945000 119.250000 32.898725 3.153675 419.000000 160.020000 38.100000
10734770 395578.755775 3704321.810225 2626.755000 121.500000 32.847275 3.121150 420.000000 160.020000 38.100000
10734770 395559.438150 3704356.195425 2630.565000 123.750000 32.795825 3.088650 421.000000 160.020000 38.100000
10734770 395531.042275 3704395.129200 2636.280000 125.156200 32.795825 3.088650 422.000000 160.020000 38.100000
10734770 395515.468875 3704414.215900 2638.661250 125.156200 32.731525 3.190250 423.000000 160.020000 38.100000
10734770 395499.895500 3704433.302625 2641.042500 125.156200 32.667225 3.291850 424.000000 160.020000 38.100000
10734770 395484.322100 3704452.389325 2643.423750 125.156200 32.602900 3.393450 425.000000 160.020000 38.100000
10734770 395468.748700 3704471.476025 2645.805000 130.781300 32.538600 3.495050 426.000000 160.020000 38.100000
10734770 395445.716350 3704499.666450 2651.520000 130.781300 32.410000 3.576325 427.000000 160.020000 38.100000
10734770 395421.587950 3704524.908725 2655.330000 132.187500 32.281400 3.738875 428.000000 160.020000 38.100000
10734770 395398.454775 3704551.937625 2660.092500 132.187500 32.281400 3.901450 429.000000 160.020000 38.100000
10734770 395375.321625 3704578.966500 2664.855000 132.187500 32.281400 4.064000 430.000000 160.020000 38.100000
10734770 395344.908925 3704611.475200 2670.570000 132.187500 32.152775 4.226550 431.000000 160.020000 38.100000
10734770 395334.078250 3704623.553550 2672.475000 132.187500 32.024175 4.307850 432.000000 160.020000 38.100000
10734770 395301.747625 3704658.412125 2680.095000 133.593700 31.895550 4.470400 433.000000 160.020000 38.100000
10734770 395291.794675 3704669.845775 2682.000000 133.593700 31.766950 4.551675 434.000000 160.020000 38.100000
10734770 395266.267775 3704696.269625 2687.715000 135.000000 31.638325 4.632950 435.000000 160.020000 38.100000
10734770 395232.354075 3704731.782500 2693.430000 135.000000 31.509725 4.714250 436.000000 160.020000 38.100000
10734770 395217.576275 3704746.684425 2696.763750 135.000000 31.381125 4.734575 437.000000 160.020000 38.100000
10734770 395202.798475 3704761.586350 2700.097500 135.000000 31.252500 4.754875 438.000000 160.020000 38.100000
10734770 395173.242875 3704791.390225 2706.765000 135.000000 31.252500 4.795525 439.000000 160.020000 38.100000
10734770 395147.698525 3704816.123550 2712.480000 135.000000 31.123900 4.714250 440.000000 160.020000 38.100000
10734770 395137.392500 3704827.509225 2714.385000 135.000000 31.123900 4.673600 441.000000 160.020000 38.100000
10734770 395127.086475 3704838.894900 2716.290000 135.000000 31.123900 4.632950 442.000000 160.020000 38.100000
10734770 395102.958625 3704863.611900 2722.005000 135.000000 30.995275 4.551675 443.000000 160.020000 38.100000
10734770 395068.157500 3704898.503300 2729.625000 135.000000 30.995275 4.389125 444.000000 160.020000 38.100000
10734770 395048.397625 3704918.409775 2731.530000 135.000000 30.866675 4.226550 445.000000 160.020000 38.100000
10734770 395027.236475 3704939.496450 2737.245000 136.406200 30.866675 4.145275 446.000000 160.020000 38.100000
10734770 395004.143275 3704961.769750 2739.150000 136.406200 30.866675 3.982725 447.000000 160.020000 38.100000
10734770 394981.054525 3704984.360625 2742.960000 136.406200 30.995275 3.698225 448.000000 160.020000 38.100000
10734770 394957.965750 3705006.951525 2746.770000 136.406200 31.123900 3.413750 449.000000 160.020000 38.100000
10734770 394934.704500 3705029.862100 2748.675000 136.406200 31.123900 3.088650 450.000000 160.020000 38.100000
10734770 394906.716000 3705056.954150 2752.485000 136.406200 31.252500 2.844800 451.000000 160.020000 38.100000
10734770 394883.100625 3705079.763750 2754.390000 136.406200 31.509725 2.519675 452.000000 160.020000 38.100000
10734770 394867.093900 3705095.132150 2755.342500 136.406200 31.509725 2.357100 453.000000 160.020000 38.100000
10734770 394851.087175 3705110.500550 2756.295000 136.406200 31.509725 2.194550 454.000000 160.020000 38.100000
10734770 394827.994300 3705132.511400 2758.200000 136.406200 31.702650 2.032000 455.000000 160.020000 38.100000
10734770 394804.901450 3705154.522275 2760.105000 136.406200 31.895550 1.869450 456.000000 160.020000 38.100000
10734770 394781.635925 3705176.800225 2762.010000 136.406200 32.067025 1.815250 457.000000 160.020000 38.100000
10734770 394758.370375 3705199.078150 2763.915000 136.406200 32.238525 1.761075 458.000000 160.020000 38.100000
10734770 394735.104850 3705221.356100 2765.820000 137.812500 32.410000 1.706875 459.000000 160.020000 38.100000
10734770 394708.515800 3705246.741625 2767.725000 137.812500 32.538600 1.788150 460.000000 160.020000 38.100000
10734770 394695.737550 3705258.212050 2767.725000 137.812500 32.667225 1.950725 461.000000 160.020000 38.100000
10734770 394650.426750 3705300.957325 2773.440000 137.812500 32.795825 2.113275 462.000000 160.020000 38.100000
10734770 394639.056675 3705311.776500 2773.440000 137.812500 32.795825 2.275850 463.000000 160.020000 38.100000
10734770 394603.193350 3705345.524725 2777.250000 137.812500 32.795825 2.438400 464.000000 160.020000 38.100000
10734770 394581.509175 3705366.622025 2781.060000 137.812500 33.053050 2.438400 465.000000 160.020000 38.100000
10734770 394547.563950 3705397.915425 2784.870000 137.812500 33.053050 2.519675 466.000000 160.020000 38.100000
10734770 394523.433625 3705421.475450 2786.775000 137.812500 33.181675 2.600950 467.000000 160.020000 38.100000
10734770 394497.370750 3705446.116825 2788.680000 137.812500 33.181675 2.600950 468.000000 160.020000 38.100000
10734770 394471.818525 3705469.060125 2792.490000 137.812500 33.310275 2.682250 469.000000 160.020000 38.100000
10734770 394459.042600 3705480.531900 2794.395000 137.812500 33.438900 2.682250 470.000000 160.020000 38.100000
10734770 394433.336100 3705505.275450 2796.300000 137.812500 33.438900 2.600950 471.000000 160.020000 38.100000
10734770 394412.871575 3705524.561825 2798.840000 137.812500 33.524625 2.628050 472.000000 160.020000 38.100000
10734770 394392.407025 3705543.848200 2801.380000 137.812500 33.610375 2.655150 473.000000 160.020000 38.100000
10734770 394371.942500 3705563.134575 2803.920000 137.812500 33.696100 2.682250 474.000000 160.020000 38.100000
10734770 394347.778150 3705583.629875 2805.825000 137.812500 33.696100 2.682250 475.000000 160.020000 38.100000
10734770 394321.720150 3705608.379025 2807.730000 137.812500 33.824725 2.763525 476.000000 160.020000 38.100000
10734770 394298.093800 3705629.397075 2811.540000 137.812500 33.824725 2.763525 477.000000 160.020000 38.100000
10734770 394276.414900 3705650.497325 2813.445000 137.812500 33.824725 2.844800 478.000000 160.020000 38.100000
10734770 394243.695525 3705680.088450 2817.255000 137.812500 33.953350 2.844800 479.000000 160.020000 38.100000
10734770 394210.976150 3705709.679575 2821.065000 137.812500 34.081950 2.844800 480.000000 160.020000 38.100000
10734770 394186.497250 3705733.141825 2824.875000 137.812500 34.081950 2.844800 481.000000 160.020000 38.100000
10734770 394172.662850 3705744.628225 2824.875000 137.812500 34.210550 2.844800 482.000000 160.020000 38.100000
10734770 394138.464100 3705775.984175 2828.685000 137.812500 34.210550 2.885450 483.000000 160.020000 38.100000
10734770 394104.265350 3705807.340125 2832.495000 137.812500 34.210550 2.926075 484.000000 160.020000 38.100000
10734770 394083.106050 3705827.272475 2836.305000 137.812500 34.339175 2.926075 485.000000 160.020000 38.100000
10734770 394057.044300 3705851.284475 2838.210000 137.812500 34.339175 3.007350 486.000000 160.020000 38.100000
10734770 394043.049400 3705863.989975 2840.115000 137.812500 34.339175 3.007350 487.000000 160.020000 38.100000
10734770 394029.054500 3705876.695475 2842.020000 137.812500 34.339175 3.007350 488.000000 160.020000 38.100000
10734770 393991.108100 3705912.277325 2847.735000 137.812500 34.339175 3.088650 489.000000 160.020000 38.100000
10734770 393965.557850 3705934.591875 2849.640000 137.812500 34.467775 3.088650 490.000000 160.020000 38.100000
10734770 393937.576550 3705960.532750 2853.450000 137.812500 34.467775 3.088650 491.000000 160.020000 38.100000
10734770 393926.721125 3705969.551275 2855.355000 137.812500 34.467775 3.088650 492.000000 160.020000 38.100000
10734770 393886.330575 3706007.491975 2859.165000 137.812500 34.725000 3.088650 493.000000 160.020000 38.100000
10734770 393858.889425 3706034.061700 2862.975000 137.812500 34.725000 3.007350 494.000000 160.020000 38.100000
10734770 393837.726300 3706053.361900 2864.880000 137.812500 34.725000 3.007350 495.000000 160.020000 38.100000
10734770 393815.516850 3706073.838700 2868.690000 137.812500 34.725000 3.007350 496.000000 160.020000 38.100000
10734770 393786.485575 3706100.429125 2870.595000 137.812500 34.725000 3.007350 497.000000 160.020000 38.100000
10734770 393762.338250 3706121.459425 2874.405000 137.812500 34.853600 3.007350 498.000000 160.020000 38.100000
10734770 393727.546025 3706154.045125 2878.215000 137.812500 34.853600 3.007350 499.000000 160.020000 38.100000
10734770 393698.516700 3706180.636700 2882.025000 137.812500 34.853600 3.007350 500.000000 160.020000 38.100000
10734770 393673.848350 3706202.309025 2883.930000 139.218700 34.982225 3.007350 501.000000 160.020000 38.100000
10734770 393645.858775 3706227.090300 2887.740000 139.218700 34.982225 3.007350 502.000000 160.020000 38.100000
10734770 393619.807100 3706251.213100 2889.645000 139.218700 34.982225 3.007350 503.000000 160.020000 38.100000
10734770 393591.640500 3706275.891525 2893.455000 139.218700 34.982225 3.088650 504.000000 160.020000 38.100000
10734770 393566.113775 3706299.479550 2897.265000 139.218700 34.982225 3.169925 505.000000 160.020000 38.100000
10734770 393539.017275 3706324.779800 2901.075000 139.218700 34.982225 3.169925 506.000000 160.020000 38.100000
10734770 393513.469000 3706346.570750 2902.980000 139.218700 34.982225 3.251200 507.000000 160.020000 38.100000
10734770 393483.920575 3706373.700475 2906.790000 137.812500 35.110825 3.251200 508.000000 160.020000 38.100000
10734770 393462.586800 3706393.006500 2909.647500 137.812500 35.110825 3.251200 509.000000 160.020000 38.100000
10734770 393441.253050 3706412.312550 2912.505000 137.812500 35.110825 3.251200 510.000000 160.020000 38.100000
10734770 393405.238325 3706445.447575 2916.315000 137.812500 35.110825 3.251200 511.000000 160.020000 38.100000
10734770 393384.612975 3706464.745325 2920.125000 137.812500 35.110825 3.251200 512.000000 160.020000 38.100000
10734770 393360.128550 3706486.524600 2922.030000 137.812500 35.110825 3.332475 513.000000 160.020000 38.100000
10734770 393331.983450 3706512.475250 2927.745000 137.812500 35.110825 3.413750 514.000000 160.020000 38.100000
10734770 393318.002950 3706525.713975 2929.650000 137.812500 35.110825 3.454400 515.000000 160.020000 38.100000
10734770 393304.022450 3706538.952725 2931.555000 137.812500 35.110825 3.495050 516.000000 160.020000 38.100000
10734770 393292.310725 3706549.783175 2933.460000 137.812500 35.110825 3.576325 517.000000 160.020000 38.100000
10734770 393251.402875 3706587.213225 2937.270000 137.812500 35.110825 3.657600 518.000000 160.020000 38.100000
10734770 393223.974125 3706613.684975 2941.080000 137.812500 35.110825 3.657600 519.000000 160.020000 38.100000
10734770 393194.955975 3706640.283025 2944.890000 137.812500 35.110825 3.576325 520.000000 160.020000 38.100000
10734770 393157.026050 3706675.244450 2950.605000 137.812500 35.110825 3.413750 521.000000 160.020000 38.100000
10734770 393147.230950 3706683.724475 2952.510000 137.812500 35.110825 3.332475 522.000000 160.020000 38.100000
10734770 393107.380425 3706720.509175 2956.320000 137.812500 35.110825 3.251200 523.000000 160.020000 38.100000
10734770 393084.307500 3706741.638925 2960.130000 137.812500 35.110825 3.251200 524.000000 160.020000 38.100000
10734770 393058.789425 3706765.126975 2962.035000 137.812500 35.110825 3.169925 525.000000 160.020000 38.100000
10734770 393029.259425 3706792.897150 2965.845000 137.812500 35.110825 3.169925 526.000000 160.020000 38.100000
10734770 393007.602300 3706814.009625 2969.655000 137.812500 35.110825 3.169925 527.000000 160.020000 38.100000
10734770 392972.660425 3706847.138000 2973.465000 137.812500 35.110825 3.169925 528.000000 160.020000 38.100000
10734770 392956.585925 3706862.256675 2975.370000 137.812500 35.239450 3.169925 529.000000 160.020000 38.100000
10734770 392943.294325 3706873.743825 2977.275000 137.812500 35.239450 3.169925 530.000000 160.020000 38.100000
10734770 392892.110550 3706922.523350 2982.990000 137.812500 35.239450 3.169925 531.000000 160.020000 38.100000
10734770 392878.842675 3706935.808575 2984.895000 137.812500 35.239450 3.169925 532.000000 160.020000 38.100000
10734770 392841.098850 3706970.773050 2988.705000 137.812500 35.239450 3.169925 533.000000 160.020000 38.100000
10734770 392815.064775 3706995.010900 2992.515000 137.812500 35.239450 3.169925 534.000000 160.020000 38.100000
10734770 392789.928775 3707020.295150 2996.325000 137.812500 35.239450 3.169925 535.000000 160.020000 38.100000
10734770 392775.689075 3707033.540700 2998.230000 137.812500 35.303750 3.169925 536.000000 160.020000 38.100000
10734770 392761.449400 3707046.786225 3000.135000 136.406200 35.368050 3.169925 537.000000 160.020000 38.100000
10734770 392738.928050 3707069.075900 3002.040000 136.406200 35.368050 3.169925 538.000000 160.020000 38.100000
10734770 392710.458050 3707096.202100 3005.850000 136.406200 35.368050 3.169925 539.000000 160.020000 38.100000
10734770 392674.987250 3707128.813250 3009.660000 136.406200 35.368050 3.169925 540.000000 160.020000 38.100000
10734770 392650.030950 3707154.096775 3013.470000 136.406200 35.368050 3.169925 541.000000 160.020000 38.100000
10734770 392624.876450 3707177.690900 3015.375000 136.406200 35.239450 3.169925 542.000000 160.020000 38.100000
10734770 392601.312075 3707201.158950 3019.185000 136.406200 35.239450 3.169925 543.000000 160.020000 38.100000
10734770 392585.587650 3707215.641225 3021.090000 136.406200 35.239450 3.169925 544.000000 160.020000 38.100000
10734770 392545.255950 3707254.874975 3026.805000 136.406200 35.239450 3.169925 545.000000 160.020000 38.100000
10734770 392519.763775 3707279.532375 3028.710000 136.406200 35.239450 3.169925 546.000000 160.020000 38.100000
10734770 392483.431025 3707313.427000 3032.520000 136.406200 35.239450 3.169925 547.000000 160.020000 38.100000
10734770 392461.790350 3707335.073475 3036.330000 136.406200 35.239450 3.088650 548.000000 160.020000 38.100000
10734770 392435.247600 3707360.380150 3040.140000 136.406200 35.239450 3.169925 549.000000 160.020000 38.100000
10734770 392406.784525 3707387.510200 3042.045000 136.406200 35.239450 3.169925 550.000000 160.020000 38.100000
10734770 392385.323375 3707409.260875 3045.855000 136.406200 35.239450 3.169925 551.000000 160.020000 38.100000
10734770 392371.791825 3707422.235350 3047.760000 136.406200 35.239450 3.169925 552.000000 160.020000 38.100000
10734770 392358.260275 3707435.209850 3049.665000 136.406200 35.239450 3.169925 553.000000 160.020000 38.100000
10734770 392334.170800 3707458.687650 3051.570000 136.406200 35.239450 3.169925 554.000000 160.020000 38.100000
10734770 392306.763650 3707485.276350 3055.380000 136.406200 35.239450 3.169925 555.000000 160.020000 38.100000
10734770 392266.963050 3707523.873700 3061.095000 136.406200 35.239450 3.169925 556.000000 160.020000 38.100000
10734770 392251.773025 3707538.351375 3063.000000 136.406200 35.239450 3.169925 557.000000 160.020000 38.100000
10734770 392223.329425 3707566.646975 3066.810000 136.406200 35.239450 3.169925 558.000000 160.020000 38.100000
10734770 392184.914925 3707602.900775 3070.620000 136.406200 35.239450 3.169925 559.000000 160.020000 38.100000
10734770 392172.698625 3707614.907300 3072.525000 136.406200 35.239450 3.169925 560.000000 160.020000 38.100000
10734770 392160.482325 3707626.913825 3074.430000 136.406200 35.239450 3.169925 561.000000 160.020000 38.100000
10734770 392122.085050 3707664.331900 3078.240000 136.406200 35.239450 3.169925 562.000000 160.020000 38.100000
10734770 392094.598050 3707691.188925 3082.050000 136.406200 35.175125 3.169925 563.000000 160.020000 38.100000
10734770 392067.111050 3707718.045950 3085.860000 136.406200 35.110825 3.169925 564.000000 160.020000 38.100000
10734770 392042.512475 3707742.697125 3087.765000 136.406200 35.110825 3.169925 565.000000 160.020000 38.100000
10734770 392027.318225 3707756.647575 3089.670000 136.406200 35.110825 3.169925 566.000000 160.020000 38.100000
10734770 392001.845200 3707781.945350 3093.480000 136.406200 34.982225 3.169925 567.000000 160.020000 38.100000
10734770 391970.953175 3707811.722575 3097.290000 136.406200 34.982225 3.169925 568.000000 160.020000 38.100000
10734770 391940.061175 3707841.499775 3101.100000 136.406200 34.982225 3.169925 569.000000 160.020000 38.100000
10734770 391909.169150 3707871.277000 3104.910000 136.406200 34.982225 3.169925 570.000000 160.020000 38.100000
10734770 391884.043625 3707895.936950 3108.720000 136.406200 34.982225 3.169925 571.000000 160.020000 38.100000
10734770 391855.586200 3707922.545300 3112.530000 136.406200 34.982225 3.169925 572.000000 160.020000 38.100000
10734770 391833.088675 3707945.372850 3114.435000 136.406200 34.982225 3.088650 573.000000 160.020000 38.100000
10734770 391807.966125 3707970.139400 3118.245000 136.406200 34.982225 3.088650 574.000000 160.020000 38.100000
10734770 391783.534050 3707993.627850 3120.150000 136.406200 34.853600 3.088650 575.000000 160.020000 38.100000
10734770 391768.166200 3708007.582400 3122.055000 136.406200 34.853600 3.088650 576.000000 160.020000 38.100000
10734770 391751.851625 3708023.400800 3124.436250 136.406200 34.853600 3.088650 577.000000 160.020000 38.100000
10734770 391735.537025 3708039.219225 3126.817500 136.406200 34.853600 3.088650 578.000000 160.020000 38.100000
10734770 391702.907850 3708070.856050 3131.580000 136.406200 34.853600 3.088650 579.000000 160.020000 38.100000
10734770 391682.318825 3708090.803950 3133.485000 136.406200 34.853600 3.169925 580.000000 160.020000 38.100000
10734770 391644.634900 3708127.586325 3137.295000 136.406200 34.853600 3.169925 581.000000 160.020000 38.100000
10734770 391622.299825 3708149.039025 3140.152500 136.406200 34.789300 3.169925 582.000000 160.020000 38.100000
10734770 391599.964750 3708170.491725 3143.010000 136.406200 34.725000 3.169925 583.000000 160.020000 38.100000
10734770 391574.854100 3708195.789650 3146.820000 136.406200 34.725000 3.169925 584.000000 160.020000 38.100000
10734770 391550.426675 3708219.280625 3150.630000 136.406200 34.725000 3.169925 585.000000 160.020000 38.100000
10734770 391528.274050 3708241.049025 3152.535000 136.406200 34.596400 3.169925 586.000000 160.020000 38.100000
10734770 391486.056275 3708282.020000 3158.250000 136.406200 34.596400 3.169925 587.000000 160.020000 38.100000
10734770 391473.309725 3708293.508725 3160.155000 136.406200 34.596400 3.169925 588.000000 160.020000 38.100000
10734770 391435.102175 3708330.301750 3163.965000 136.406200 34.596400 3.169925 589.000000 160.020000 38.100000
10734770 391423.508975 3708342.092550 3165.870000 136.406200 34.532100 3.169925 590.000000 160.020000 38.100000
10734770 391411.915775 3708353.883350 3167.775000 136.406200 34.467775 3.169925 591.000000 160.020000 38.100000
10734770 391374.746000 3708388.865375 3173.490000 136.406200 34.467775 3.169925 592.000000 160.020000 38.100000
10734770 391348.756625 3708414.177775 3175.395000 136.406200 34.467775 3.169925 593.000000 160.020000 38.100000
10734770 391329.032650 3708432.319275 3179.205000 136.406200 34.339175 3.169925 594.000000 160.020000 38.100000
10734770 391316.842050 3708445.599450 3179.205000 136.406200 34.339175 3.169925 595.000000 160.020000 38.100000
10734770 391281.088550 3708480.563925 3184.920000 136.406200 34.339175 3.169925 596.000000 160.020000 38.100000
10734770 391255.438775 3708504.709375 3186.825000 136.406200 34.339175 3.088650 597.000000 160.020000 38.100000
10734770 391233.981050 3708525.202150 3190.635000 136.406200 34.339175 3.007350 598.000000 160.020000 38.100000
10734770 391203.465650 3708555.337275 3194.445000 136.406200 34.339175 3.007350 599.000000 160.020000 38.100000
10734770 391179.930400 3708578.926075 3196.350000 136.406200 34.339175 2.844800 600.000000 160.020000 38.100000
10734770 391164.753725 3708593.411125 3198.255000 136.406200 34.339175 2.844800 601.000000 160.020000 38.100000
10734770 391117.129250 3708638.693525 3202.065000 136.406200 34.339175 2.600950 602.000000 160.020000 38.100000
10734770 391092.719525 3708662.824000 3205.875000 136.406200 34.467775 2.519675 603.000000 160.020000 38.100000
10734770 391067.096700 3708688.663625 3207.780000 136.406200 34.467775 2.519675 604.000000 160.020000 38.100000
10734770 391044.078225 3708711.083400 3209.685000 136.406200 34.596400 2.519675 605.000000 160.020000 38.100000
10734770 391033.776200 3708720.108625 3211.590000 136.406200 34.596400 2.519675 606.000000 160.020000 38.100000
10734770 390996.995625 3708756.889875 3215.400000 136.406200 34.596400 2.519675 607.000000 160.020000 38.100000
10734770 390959.694875 3708794.313475 3219.210000 136.406200 34.596400 2.519675 608.000000 160.020000 38.100000
10734770 390934.228400 3708818.460225 3221.115000 136.406200 34.596400 2.519675 609.000000 160.020000 38.100000
10734770 390908.264350 3708844.941000 3223.020000 136.406200 34.596400 2.519675 610.000000 160.020000 38.100000
10734770 390894.993650 3708856.440275 3224.925000 136.406200 34.596400 2.519675 611.000000 160.020000 38.100000
10734770 390881.110800 3708870.521850 3226.195000 136.406200 34.596400 2.519675 612.000000 160.020000 38.100000
10734770 390867.227950 3708884.603400 3227.465000 136.406200 34.596400 2.519675 613.000000 160.020000 38.100000
10734770 390853.345100 3708898.684975 3228.735000 136.406200 34.596400 2.519675 614.000000 160.020000 38.100000
10734770 390816.116675 3708934.576725 3232.545000 136.406200 34.596400 2.560325 615.000000 160.020000 38.100000
10734770 390778.888225 3708970.468475 3236.355000 136.406200 34.596400 2.600950 616.000000 160.020000 38.100000
10734770 390761.196775 3708988.005475 3238.260000 136.406200 34.596400 2.600950 617.000000 160.020000 38.100000
10734770 390743.505300 3709005.542475 3240.165000 136.406200 34.596400 2.600950 618.000000 160.020000 38.100000
10734770 390691.032875 3709056.824125 3245.880000 136.406200 34.596400 2.600950 619.000000 160.020000 38.100000
10734770 390667.498925 3709079.783850 3247.785000 136.406200 34.725000 2.600950 620.000000 160.020000 38.100000
10734770 390646.119000 3709100.880925 3250.325000 136.406200 34.725000 2.573850 621.000000 160.020000 38.100000
10734770 390624.739050 3709121.977975 3252.865000 136.406200 34.725000 2.546775 622.000000 160.020000 38.100000
10734770 390603.359125 3709143.075050 3255.405000 136.406200 34.725000 2.519675 623.000000 160.020000 38.100000
10734770 390586.894225 3709159.697450 3257.310000 136.406200 34.725000 2.519675 624.000000 160.020000 38.100000
10734770 390570.429325 3709176.319850 3259.215000 136.406200 34.725000 2.519675 625.000000 160.020000 38.100000
10734770 390534.702775 3709211.613850 3262.072500 136.406200 34.725000 2.519675 626.000000 160.020000 38.100000
10734770 390498.976200 3709246.907850 3264.930000 136.406200 34.725000 2.519675 627.000000 160.020000 38.100000
10734770 390487.130050 3709258.918675 3266.835000 136.406200 34.725000 2.519675 628.000000 160.020000 38.100000
10734770 390454.531450 3709290.309900 3270.645000 136.406200 34.789300 2.519675 629.000000 160.020000 38.100000
10734770 390421.932825 3709321.701100 3274.455000 136.406200 34.853600 2.519675 630.000000 160.020000 38.100000
10734770 390401.442925 3709342.104400 3276.360000 136.406200 34.853600 2.535925 631.000000 160.020000 38.100000
10734770 390380.953050 3709362.507675 3278.265000 136.406200 34.853600 2.552175 632.000000 160.020000 38.100000
10734770 390360.463150 3709382.910975 3280.170000 136.406200 34.853600 2.568450 633.000000 160.020000 38.100000
10734770 390339.973275 3709403.314250 3282.075000 136.406200 34.853600 2.584700 634.000000 160.020000 38.100000
10734770 390319.483375 3709423.717550 3283.980000 136.406200 34.853600 2.600950 635.000000 160.020000 38.100000
10734770 390288.899525 3709453.602275 3286.837500 136.406200 34.853600 2.600950 636.000000 160.020000 38.100000
10734770 390258.315700 3709483.487025 3289.695000 136.406200 34.853600 2.600950 637.000000 160.020000 38.100000
10734770 390230.792725 3709504.904800 3292.272350 136.406200 34.853600 2.600950 638.000000 160.020000 38.100000
10734770 390203.269750 3709526.322575 3294.849700 136.406200 34.853600 2.600950 639.000000 160.020000 38.100000
10734770 390175.746775 3709547.740375 3297.427050 136.406200 34.853600 2.600950 640.000000 160.020000 38.100000
10734770 390148.223800 3709569.158150 3300.004400 136.406200 34.853600 2.600950 641.000000 160.020000 38.100000
10734770 390120.700825 3709590.575925 3302.581775 136.406200 34.853600 2.600950 642.000000 160.020000 38.100000
10734770 390093.177850 3709611.993700 3305.159125 136.406200 34.853600 2.600950 643.000000 160.020000 38.100000
10734770 390065.654875 3709633.411500 3307.736475 136.406200 34.853600 2.600950 644.000000 160.020000 38.100000
10734770 390038.131900 3709654.829275 3310.313825 136.406200 34.853600 2.600950 645.000000 160.020000 38.100000
10734770 390010.608950 3709676.247050 3312.891175 136.406200 34.853600 2.600950 646.000000 160.020000 38.100000
10734770 389983.085975 3709697.664825 3315.468525 136.406200 34.853600 2.600950 647.000000 160.020000 38.100000
10734770 389955.563000 3709719.082625 3318.045875 136.406200 34.853600 2.600950 648.000000 160.020000 38.100000
10734770 389928.040025 3709740.500400 3320.623225 136.406200 34.853600 2.600950 649.000000 160.020000 38.100000
10734770 389900.517050 3709761.918175 3323.200600 136.406200 34.853600 2.600950 650.000000 160.020000 38.100000
10734770 389872.994075 3709783.335950 3325.777950 136.406200 34.853600 2.600950 651.000000 160.020000 38.100000
10734770 389845.471100 3709804.753750 3328.355300 136.406200 34.853600 2.600950 652.000000 160.020000 38.100000
10734770 389817.948125 3709826.171525 3330.932650 136.406200 34.853600 2.600950 653.000000 160.020000 38.100000
10734770 389790.425150 3709847.589300 3333.510000 136.406200 34.853600 2.600950 654.000000 160.020000 38.100000
10734770 389761.862725 3709863.543400 3335.415000 150.468800 34.339175 2.519675 655.000000 160.020000 38.100000
10734770 389735.232575 3709878.730025 3337.320000 150.468800 34.339175 2.519675 656.000000 160.020000 38.100000
10734770 389704.482675 3709894.759100 3339.987000 150.468800 34.339175 2.519675 657.000000 160.020000 38.100000
10734770 389673.732800 3709910.788200 3342.654000 150.468800 34.339175 2.519675 658.000000 160.020000 38.100000
10734770 389642.982900 3709926.817275 3345.321000 150.468800 34.339175 2.519675 659.000000 160.020000 38.100000
10734770 389612.233025 3709942.846375 3347.988000 150.468800 34.339175 2.519675 660.000000 160.020000 38.100000
10734770 389581.483125 3709958.875450 3350.655000 150.468800 34.339175 2.519675 661.000000 160.020000 38.100000
10734770 389552.358875 3709972.407475 3352.560000 154.687500 34.081950 2.519675 662.000000 160.020000 38.100000
10734770 389518.324150 3709988.337125 3356.370000 154.687500 34.081950 2.519675 663.000000 160.020000 38.100000
10734770 389489.191500 3710001.235425 3358.275000 156.093700 34.210550 2.519675 664.000000 160.020000 38.100000
10734770 389439.326725 3710021.623950 3362.085000 157.500000 34.081950 2.519675 665.000000 160.020000 38.100000
10734770 389423.536900 3710028.937300 3363.990000 157.500000 34.081950 2.519675 666.000000 160.020000 38.100000
10734770 389376.119375 3710047.493950 3367.800000 158.906200 34.081950 2.600950 667.000000 160.020000 38.100000
10734770 389345.895275 3710058.082750 3369.705000 160.312500 34.081950 2.519675 668.000000 160.020000 38.100000
10734770 389330.089250 3710064.233525 3370.657500 160.312500 34.017625 2.519675 669.000000 160.020000 38.100000
10734770 389314.283225 3710070.384300 3371.610000 161.718700 33.953325 2.519675 670.000000 160.020000 38.100000
10734770 389266.832225 3710086.510875 3375.420000 161.718700 33.953325 2.519675 671.000000 160.020000 38.100000
10734770 389233.774825 3710096.507350 3379.230000 161.718700 33.953325 2.519675 672.000000 160.020000 38.100000
10734770 389202.148550 3710107.752900 3381.135000 163.125000 33.953325 2.519675 673.000000 160.020000 38.100000
10734770 389167.947975 3710118.031500 3383.992500 163.828100 33.953325 2.519675 674.000000 160.020000 38.100000
10734770 389133.747375 3710128.310100 3386.850000 164.531300 33.953325 2.519675 675.000000 160.020000 38.100000
10734770 389100.683375 3710137.779700 3388.755000 164.531300 33.953325 2.519675 676.000000 160.020000 38.100000
10734770 389071.502500 3710147.087675 3390.660000 164.531300 33.953325 2.519675 677.000000 160.020000 38.100000
10734770 389038.437425 3710156.452400 3394.470000 164.531300 33.953325 2.519675 678.000000 160.020000 38.100000
10734770 389001.869025 3710167.772425 3396.375000 164.531300 33.953325 2.519675 679.000000 160.020000 38.100000
10734770 388976.547050 3710175.227375 3398.280000 164.531300 33.953325 2.519675 680.000000 160.020000 38.100000
10734770 388922.753200 3710192.087900 3402.090000 163.125000 34.081950 2.519675 681.000000 160.020000 38.100000
10734770 388891.464100 3710202.063500 3405.900000 163.125000 34.081950 2.519675 682.000000 160.020000 38.100000
10734770 388854.012650 3710213.292975 3407.805000 163.125000 34.081950 2.519675 683.000000 160.020000 38.100000
10734770 388818.327125 3710224.497250 3411.615000 163.125000 34.081950 2.519675 684.000000 160.020000 38.100000
10734770 388809.891725 3710227.317775 3411.615000 163.125000 34.081950 2.519675 685.000000 160.020000 38.100000
10734770 388801.456300 3710230.138275 3411.615000 163.125000 34.081950 2.519675 686.000000 160.020000 38.100000
10734770 388765.957075 3710241.975275 3415.425000 163.125000 34.081950 2.519675 687.000000 160.020000 38.100000
10734770 388732.503325 3710252.760875 3417.965000 163.125000 34.124825 2.519675 688.000000 160.020000 38.100000
10734770 388699.049575 3710263.546450 3420.505000 163.125000 34.167675 2.519675 689.000000 160.020000 38.100000
10734770 388665.595825 3710274.332050 3423.045000 163.125000 34.210550 2.519675 690.000000 160.020000 38.100000
10734770 388619.726175 3710289.390975 3426.855000 163.125000 34.210550 2.519675 691.000000 160.020000 38.100000
10734770 388584.033425 3710299.964300 3428.760000 163.125000 34.210550 2.519675 692.000000 160.020000 38.100000
10734770 388548.368975 3710312.441750 3432.570000 163.125000 34.210550 2.519675 693.000000 160.020000 38.100000
10734770 388532.557100 3710317.963375 3432.570000 163.125000 34.210550 2.600950 694.000000 160.020000 38.100000
10734770 388497.060525 3710329.804750 3435.427500 163.125000 34.210550 2.560325 695.000000 160.020000 38.100000
10734770 388461.563925 3710341.646125 3438.285000 163.125000 34.210550 2.519675 696.000000 160.020000 38.100000
10734770 388428.353625 3710352.819875 3442.095000 161.718700 34.339175 2.519675 697.000000 160.020000 38.100000
10734770 388392.867225 3710365.297100 3444.000000 161.718700 34.339175 2.438400 698.000000 160.020000 38.100000
10734770 388359.648150 3710375.837325 3445.905000 161.718700 34.339175 2.275850 699.000000 160.020000 38.100000
10734770 388324.069600 3710387.999900 3447.810000 161.718700 34.403475 2.113300 700.000000 160.020000 38.100000
10734770 388288.491075 3710400.162475 3449.715000 161.718700 34.467775 1.950725 701.000000 160.020000 38.100000
10734770 388258.795950 3710410.123000 3451.620000 161.718700 34.596400 1.869450 702.000000 160.020000 38.100000
10734770 388225.768825 3710421.614525 3453.525000 161.718700 34.660700 1.747525 703.000000 160.020000 38.100000
10734770 388192.741725 3710433.106050 3455.430000 161.718700 34.725000 1.625600 704.000000 160.020000 38.100000
10734770 388174.901975 3710438.713250 3455.430000 161.718700 34.789300 1.584975 705.000000 160.020000 38.100000
10734770 388157.062200 3710444.320450 3455.430000 161.718700 34.853600 1.544325 706.000000 160.020000 38.100000
10734770 395657.765550 3702371.080113 2212.357500 161.718700 8.713400 0.386081 706.000000 40.005000 9.525000
