10934723 415357.000000 3700460.000000 754.380000 177.188000 18.005550 -1.056650 276.000000 160.020000 38.100000
10934723 415312.706825 3700462.623350 750.285000 177.187500 18.005550 -1.056650 277.000000 160.020000 38.100000
10934723 415304.191075 3700462.063625 750.285000 177.187500 18.005550 -1.137925 278.000000 160.020000 38.100000
10934723 415277.789875 3700464.093275 748.380000 177.187500 18.005550 -1.137925 279.000000 160.020000 38.100000
10934723 415260.779775 3700465.406075 748.380000 177.187500 18.005550 -1.137925 280.000000 160.020000 38.100000
10934723 415241.277325 3700465.577775 746.475000 177.187500 18.005550 -1.137925 281.000000 160.020000 38.100000
10934723 415215.402475 3700466.968975 746.475000 178.593800 17.876950 -1.056650 282.000000 160.020000 38.100000
10934723 415196.975000 3700468.400500 744.570000 178.593800 17.876950 -0.975350 283.000000 160.020000 38.100000
10934723 415178.540975 3700469.091975 744.570000 178.593800 17.876950 -0.975350 284.000000 160.020000 38.100000
10934723 415162.659375 3700477.299275 743.594650 178.593800 17.876950 -0.975350 285.000000 160.020000 38.100000
10934723 415161.171675 3700469.879925 742.665000 178.593800 17.876950 -0.975350 286.000000 160.020000 38.100000
10934723 415142.206725 3700470.682125 742.665000 178.593800 17.876950 -0.975350 287.000000 160.020000 38.100000
10934723 415116.149050 3700471.441575 740.760000 178.593800 17.876950 -0.894075 288.000000 160.020000 38.100000
10934723 415096.829550 3700472.247275 740.760000 178.593800 17.876950 -0.894075 289.000000 160.020000 38.100000
10934723 415080.947950 3700480.454575 739.865925 178.593800 17.876950 -0.894075 290.000000 160.020000 38.100000
10934723 415061.370575 3700472.561925 738.855000 178.593800 17.876950 -0.894075 291.000000 160.020000 38.100000
10934723 415044.887775 3700473.342850 736.950000 178.593800 18.005550 -0.894075 292.000000 160.020000 38.100000
10934723 415026.453825 3700474.035500 736.950000 178.593800 18.005550 -0.894075 293.000000 160.020000 38.100000
10934723 415000.568775 3700474.265925 735.045000 178.593800 18.005550 -0.975350 294.000000 160.020000 38.100000
10934723 414981.072000 3700475.074125 735.045000 178.593800 18.134175 -0.975350 295.000000 160.020000 38.100000
10934723 414964.961875 3700483.399525 734.069650 178.593800 18.134175 -0.975350 296.000000 160.020000 38.100000
10934723 414963.701800 3700475.757775 733.140000 178.593800 18.134175 -0.812800 297.000000 160.020000 38.100000
10934723 414942.776300 3700475.415825 733.140000 178.593800 18.134175 -0.812800 298.000000 160.020000 38.100000
10934723 414916.907325 3700477.444675 731.235000 178.593800 18.134175 -0.812800 299.000000 160.020000 38.100000
10934723 414898.291375 3700477.611200 731.235000 178.593800 18.134175 -0.894075 300.000000 160.020000 38.100000
10934723 414880.384600 3700477.771500 729.330000 178.593800 18.134175 -0.894075 301.000000 160.020000 38.100000
10934723 414863.896175 3700477.919250 729.330000 180.000000 18.134175 -0.894075 302.000000 160.020000 38.100000
10934723 414845.457525 3700478.084575 727.425000 180.000000 18.134175 -0.894075 303.000000 160.020000 38.100000
10934723 414826.497425 3700479.417950 727.425000 180.000000 18.262775 -0.894075 304.000000 160.020000 38.100000
10934723 414809.112075 3700478.410925 725.520000 180.000000 18.262775 -0.975350 305.000000 160.020000 38.100000
10934723 414789.620100 3700479.749350 725.520000 180.000000 18.262775 -1.056650 306.000000 160.020000 38.100000
10934723 414770.649575 3700479.920050 723.615000 180.000000 18.262775 -0.975350 307.000000 160.020000 38.100000
10934723 414750.250175 3700478.940575 723.615000 180.000000 18.262775 -1.056650 308.000000 160.020000 38.100000
10934723 414730.758225 3700480.279475 721.710000 180.000000 18.262775 -0.975350 309.000000 160.020000 38.100000
10934723 414709.826950 3700479.305125 721.710000 180.000000 18.262775 -0.975350 310.000000 160.020000 38.100000
10934723 414692.994425 3700480.620350 719.805000 180.000000 18.262775 -0.975350 311.000000 160.020000 38.100000
10934723 414674.545250 3700479.623875 719.805000 180.000000 18.262775 -1.056650 312.000000 160.020000 38.100000
10934723 414655.585225 3700480.958600 717.900000 180.000000 18.262775 -1.056650 313.000000 160.020000 38.100000
10934723 414637.151325 3700481.654225 717.900000 180.000000 18.262775 -0.975350 314.000000 160.020000 38.100000
10934723 414617.644100 3700481.302250 715.995000 180.000000 18.262775 -0.894075 315.000000 160.020000 38.100000
10934723 414606.714550 3700466.670975 715.100925 180.000000 18.262775 -0.894075 316.000000 160.020000 38.100000
10934723 414599.210225 3700481.998150 715.995000 180.000000 18.134175 -0.894075 317.000000 160.020000 38.100000
10934723 414588.357650 3700467.469900 715.100925 180.000000 18.134175 -0.894075 318.000000 160.020000 38.100000
10934723 414558.786975 3700482.365250 714.090000 180.000000 18.134175 -0.812800 319.000000 160.020000 38.100000
10934723 414531.306275 3700482.615200 712.185000 180.000000 18.005550 -0.894075 320.000000 160.020000 38.100000
10934723 414520.530675 3700468.190000 711.290925 180.000000 18.005550 -0.894075 321.000000 160.020000 38.100000
10934723 414492.490225 3700484.237750 710.280000 178.593800 18.005550 -0.894075 322.000000 160.020000 38.100000
10934723 414483.442400 3700483.685775 710.280000 178.593800 18.005550 -0.894075 323.000000 160.020000 38.100000
10934723 414463.591150 3700484.501400 710.280000 178.593800 18.005550 -0.894075 324.000000 160.020000 38.100000
10934723 414437.710925 3700485.266525 708.375000 180.000000 18.005550 -0.894075 325.000000 160.020000 38.100000
10934723 414419.267425 3700484.906425 708.375000 180.000000 18.005550 -0.894075 326.000000 160.020000 38.100000
10934723 414400.301700 3700485.608725 706.470000 180.000000 18.005550 -0.894075 327.000000 160.020000 38.100000
10934723 414389.526100 3700471.183525 705.575925 180.000000 18.005550 -0.894075 328.000000 160.020000 38.100000
10934723 414363.424350 3700485.946625 704.565000 180.000000 18.134175 -0.894075 329.000000 160.020000 38.100000
10934723 414352.571775 3700471.418375 703.670925 180.000000 18.134175 -0.894075 330.000000 160.020000 38.100000
10934723 414343.917050 3700485.596875 704.565000 180.000000 18.134175 -0.894075 331.000000 160.020000 38.100000
10934723 414321.394750 3700485.169225 702.660000 180.000000 18.005550 -0.975350 332.000000 160.020000 38.100000
10934723 414303.493775 3700485.968250 700.755000 180.000000 18.005550 -0.975350 333.000000 160.020000 38.100000
10934723 414278.672475 3700486.196600 700.755000 180.000000 18.005550 -0.894075 334.000000 160.020000 38.100000
10934723 414261.114400 3700485.723825 698.850000 180.000000 18.005550 -0.894075 335.000000 160.020000 38.100000
10934723 414242.149675 3700486.533100 698.850000 180.000000 18.005550 -0.894075 336.000000 160.020000 38.100000
10934723 414224.247750 3700487.226975 696.945000 180.000000 18.005550 -0.975350 337.000000 160.020000 38.100000
10934723 414208.286300 3700486.845575 696.945000 180.000000 18.005550 -0.975350 338.000000 160.020000 38.100000
10934723 414187.370350 3700487.567575 695.040000 180.000000 18.005550 -0.975350 339.000000 160.020000 38.100000
10934723 414166.976525 3700487.227425 695.040000 180.000000 18.005550 -0.975350 340.000000 160.020000 38.100000
10934723 414157.402600 3700487.316025 695.040000 180.000000 18.134175 -0.975350 341.000000 160.020000 38.100000
10934723 414131.517475 3700487.555750 693.135000 180.000000 18.134175 -0.894075 342.000000 160.020000 38.100000
10934723 414114.491250 3700487.079100 691.230000 180.000000 18.134175 -0.894075 343.000000 160.020000 38.100000
10934723 414097.654100 3700487.869775 691.230000 180.000000 18.134175 -0.975350 344.000000 160.020000 38.100000
10934723 414078.677600 3700487.411500 691.230000 180.000000 18.134175 -1.056650 345.000000 160.020000 38.100000
10934723 414054.748650 3700488.268350 689.325000 180.000000 18.134175 -1.056650 346.000000 160.020000 38.100000
10934723 414035.240250 3700487.815350 687.420000 180.000000 18.134175 -1.056650 347.000000 160.020000 38.100000
10934723 414018.225800 3700488.608225 687.420000 180.000000 18.005550 -0.975350 348.000000 160.020000 38.100000
10934723 414000.844950 3700488.135700 685.515000 180.000000 18.005550 -0.975350 349.000000 160.020000 38.100000
10934723 413990.069350 3700473.710500 684.539650 180.000000 18.005550 -0.975350 350.000000 160.020000 38.100000
10934723 413980.461900 3700488.960250 685.515000 180.000000 18.005550 -0.975350 351.000000 160.020000 38.100000
10934723 413961.496225 3700489.665975 683.610000 180.000000 17.876950 -1.056650 352.000000 160.020000 38.100000
10934723 413942.520700 3700489.314500 683.610000 178.593800 17.876950 -1.056650 353.000000 160.020000 38.100000
10934723 413924.086925 3700490.015575 681.705000 180.000000 17.876950 -0.975350 354.000000 160.020000 38.100000
10934723 413907.604375 3700490.804250 681.705000 180.000000 17.876950 -0.894075 355.000000 160.020000 38.100000
10934723 413889.691600 3700490.337500 681.705000 180.000000 17.748325 -0.812800 356.000000 160.020000 38.100000
10934723 413879.069925 3700476.118375 680.892200 180.000000 17.748325 -0.812800 357.000000 160.020000 38.100000
10934723 413847.861800 3700491.998625 677.895000 180.000000 17.748325 -0.894075 358.000000 160.020000 38.100000
10934723 413830.835500 3700491.523975 677.895000 180.000000 17.748325 -0.894075 359.000000 160.020000 38.100000
10934723 413811.870850 3700492.336650 677.895000 180.000000 17.748325 -0.894075 360.000000 160.020000 38.100000
10934723 413803.354700 3700491.782200 675.990000 180.000000 17.748325 -0.894075 361.000000 160.020000 38.100000
10934723 413792.733025 3700477.563075 675.095925 180.000000 17.748325 -0.894075 362.000000 160.020000 38.100000
10934723 413782.111375 3700463.343975 674.201850 180.000000 17.748325 -0.894075 363.000000 160.020000 38.100000
10934723 413727.660500 3700493.658325 672.180000 180.000000 17.748325 -0.894075 364.000000 160.020000 38.100000
10934723 413717.038825 3700479.439200 671.285925 180.000000 17.748325 -0.894075 365.000000 160.020000 38.100000
10934723 413712.053525 3700493.276875 672.180000 180.000000 17.619725 -0.894075 366.000000 160.020000 38.100000
10934723 413693.619775 3700493.979700 672.180000 180.000000 17.619725 -0.894075 367.000000 160.020000 38.100000
10934723 413675.176050 3700493.625300 670.275000 180.000000 17.748325 -0.812800 368.000000 160.020000 38.100000
10934723 413658.869875 3700494.308275 670.275000 180.000000 17.748325 -0.894075 369.000000 160.020000 38.100000
10934723 413640.780725 3700493.950775 668.370000 180.000000 17.748325 -0.894075 370.000000 160.020000 38.100000
10934723 413611.349675 3700494.229650 668.370000 180.000000 17.876950 -0.894075 371.000000 160.020000 38.100000
10934723 413600.651025 3700479.907475 667.475925 180.000000 17.876950 -0.894075 372.000000 160.020000 38.100000
10934723 413584.394725 3700493.850900 666.465000 180.000000 17.876950 -0.894075 373.000000 160.020000 38.100000
10934723 413556.027425 3700494.120350 664.560000 180.000000 17.876950 -0.894075 374.000000 160.020000 38.100000
10934723 413545.328775 3700479.798175 663.665925 180.000000 17.876950 -0.894075 375.000000 160.020000 38.100000
10934723 413523.227725 3700494.432350 662.655000 180.000000 18.005550 -0.894075 376.000000 160.020000 38.100000
10934723 413512.452125 3700480.007150 661.760925 180.000000 18.005550 -0.894075 377.000000 160.020000 38.100000
10934723 413480.322150 3700494.841125 660.750000 180.000000 18.005550 -0.975350 378.000000 160.020000 38.100000
10934723 414887.830537 3700468.710281 730.687500 180.000000 4.501387 -0.243838 378.000000 40.005000 9.525000
